#b 	 momk 	 DP 	 WW 
0	0	-22.9782	12.357
0.0441942	0	-15.6635	-15.1871
0.0883883	0	12.8871	-12.3859
0.132583	0	24.3901	-27.4436
0.176777	0	39.4906	-20.1376
0.220971	0	16.4623	-23.6949
0.265165	0	18.6662	-19.6136
0.309359	0	38.3317	-13.3101
0.353553	0	24.837	-8.36202
0.397748	0	31.129	-37.9831
0.441942	0	-13.0326	-15.5831
0.486136	0	19.1106	-5.49833
0.53033	0	-6.10096	-25.2367
0.574524	0	-11.1354	-31.7405
0.618718	0	-30.7375	-23.6206
0.662913	0	18.872	-10.0358
0.707107	0	16.9642	6.30194
0.751301	0	-15.3684	-6.054
0.795495	0	-13.3437	7.02597
0.839689	0	0.14785	6.68209
0.883883	0	-8.25921	-0.0169421
0.928078	0	2.13564	-1.87025
0.972272	0	16.6454	-2.78166
1.01647	0	20.3373	-1.67654
1.06066	0	22.1423	-5.3181
1.10485	0	19.354	-3.76067
1.14905	0	14.6693	-3.79387
1.19324	0	10.6802	-2.71748
1.23744	0	8.06351	-1.33618
1.28163	0	5.66452	-0.451571
1.32583	0	3.94965	-0.06072
1.37002	0	2.81064	0.310203
1.41421	0	2.12086	0.378972
1.45841	0	1.64813	0.445712
1.5026	0	1.38042	0.417175
1.5468	0	1.15803	0.392788
1.59099	0	1.0156	0.33511
1.63518	0	0.88025	0.290769
1.67938	0	0.777917	0.240505
1.72357	0	0.674642	0.200856
1.76777	0	0.588561	0.163438
1.81196	0	0.503971	0.133267
1.85616	0	0.43156	0.107761
1.90035	0	0.363547	0.0864298
1.94454	0	0.305809	0.0697155
1.98874	0	0.253803	0.0555098
2.03293	0	0.209996	0.044444
2.07713	0	0.172054	0.0352034
2.12132	0	0.140489	0.0281851
2.16551	0	0.113741	0.0221451
2.20971	0	0.0918007	0.0178061
2.2539	0	0.0735861	0.0138832
2.2981	0	0.0588681	0.0111191
2.34229	0	0.0468025	0.00861779
2.38649	0	0.037152	0.00686729
2.43068	0	0.029331	0.00529277
2.47487	0	0.0231218	0.00419119
2.51907	0	0.0181389	0.00322688
2.56326	0	0.0142088	0.00254911
2.60746	0	0.0110855	0.00195927
2.65165	0	0.0086381	0.00154497
2.69584	0	0.00670792	0.00118664
2.74004	0	0.00519943	0.000932308
2.78423	0	0.00401875	0.000716858
2.82843	0	0.00310018	0.000562356
2.87262	0	0.00239301	0.000433945
2.91682	0	0.00183858	0.000340878
2.96101	0	0.00141251	0.000260662
3.0052	0	0.00108473	0.000205784
3.0494	0	0.000832407	0.000157383
3.09359	0	0.000637679	0.000126397
3.13779	0	0.000487714	9.52421e-05
3.18198	0	0.000372433	7.45371e-05
3.22617	0	0.000285194	5.66727e-05
3.27037	0	0.000218388	4.51657e-05
3.31456	0	0.00016628	3.4097e-05
3.35876	0	0.000127642	2.70005e-05
3.40295	0	9.66215e-05	2.01812e-05
3.44715	0	7.44139e-05	1.58362e-05
3.49134	0	5.59744e-05	1.18893e-05
3.53553	0	4.32531e-05	9.338e-06
3.57973	0	3.23326e-05	7.02991e-06
3.62392	0	2.50514e-05	5.50382e-06
3.66812	0	1.86432e-05	4.15263e-06
3.71231	0	1.45203e-05	3.26297e-06
3.7565	0	1.07343e-05	2.45065e-06
3.8007	0	8.41438e-06	1.93233e-06
3.84489	0	6.17045e-06	1.44286e-06
3.88909	0	4.87147e-06	1.14404e-06
3.93328	0	3.54376e-06	8.44927e-07
3.97748	0	2.82407e-06	6.7396e-07
4.02167	0	2.03289e-06	4.94849e-07
4.06586	0	1.63561e-06	3.97687e-07
4.11006	0	1.16474e-06	2.88825e-07
4.15425	0	9.47477e-07	2.33583e-07
4.19845	0	6.66226e-07	1.68101e-07
4.24264	0	5.48647e-07	1.3703e-07
4.28683	0	3.804e-07	9.77186e-08
4.33103	0	3.17331e-07	8.03077e-08
4.37522	0	2.16779e-07	5.67615e-08
4.41942	0	1.83257e-07	4.6949e-08
4.46361	0	1.23644e-07	3.2687e-08
4.50781	0	1.07182e-07	2.68863e-08
4.552	0	7.15129e-08	1.85009e-08
4.59619	0	6.2792e-08	1.51784e-08
4.64039	0	4.13276e-08	1.03616e-08
4.68458	0	3.67481e-08	8.42219e-09
4.72878	0	2.38866e-08	5.72081e-09
4.77297	0	2.1495e-08	4.55738e-09
4.81716	0	1.38191e-08	3.08457e-09
4.86136	0	1.25749e-08	2.37705e-09
4.90555	0	8.01681e-09	1.59382e-09
4.94975	0	7.27132e-09	1.18498e-09
4.99394	0	4.58712e-09	7.91902e-10
5.03814	0	4.13829e-09	5.50188e-10
5.08233	0	2.61393e-09	3.87141e-10
5.12652	0	2.39479e-09	2.29766e-10
5.17072	0	1.52909e-09	1.63424e-10
5.21491	0	1.39735e-09	7.11759e-11
5.25911	0	8.94975e-10	6.11816e-11
5.3033	0	8.08831e-10	1.24912e-11
5.3475	0	5.14731e-10	2.77387e-11
5.39169	0	4.54366e-10	9.72667e-12
5.43588	0	2.75451e-10	4.25521e-11
5.48008	0	2.28807e-10	5.41487e-11
5.52427	0	1.08285e-10	9.60073e-11
5.56847	0	5.54109e-11	1.13533e-10
5.61266	0	1.16279e-11	1.06784e-10

0	1	-21.4277	10.0918
0.0441942	1	-13.8771	-15.0635
0.0883883	1	11.1993	-11.8284
0.132583	1	20.4332	-26.1713
0.176777	1	34.8562	-18.2991
0.220971	1	14.0486	-21.8851
0.265165	1	17.5085	-19.7598
0.309359	1	36.0022	-14.8231
0.353553	1	27.0628	-10.4905
0.397748	1	32.6515	-37.7171
0.441942	1	-8.82766	-15.7672
0.486136	1	19.5551	-5.6305
0.53033	1	-6.23339	-20.6209
0.574524	1	-7.79027	-25.9001
0.618718	1	-26.732	-21.5557
0.662913	1	17.6018	-8.60838
0.707107	1	15.7746	4.61866
0.751301	1	-13.4393	-6.15061
0.795495	1	-10.9496	5.77065
0.839689	1	0.817641	6.07191
0.883883	1	-7.70344	-0.493966
0.928078	1	1.48367	-1.99798
0.972272	1	14.4651	-2.63036
1.01647	1	17.6685	-1.30907
1.06066	1	19.2412	-4.72121
1.10485	1	16.7435	-3.20597
1.14905	1	12.7364	-3.12149
1.19324	1	9.44433	-2.16295
1.23744	1	7.30615	-0.91169
1.28163	1	5.27762	-0.197007
1.32583	1	3.81286	0.124332
1.37002	1	2.83099	0.411868
1.41421	1	2.21169	0.445752
1.45841	1	1.77066	0.466339
1.5026	1	1.49566	0.420959
1.5468	1	1.26146	0.374507
1.59099	1	1.09176	0.311871
1.63518	1	0.935625	0.258346
1.67938	1	0.808411	0.208865
1.72357	1	0.688535	0.167054
1.76777	1	0.58582	0.132857
1.81196	1	0.491604	0.10369
1.85616	1	0.410395	0.081871
1.90035	1	0.338704	0.0629065
1.94454	1	0.277733	0.0495486
1.98874	1	0.225709	0.0377602
2.03293	1	0.182184	0.0297304
2.07713	1	0.146063	0.0225128
2.12132	1	0.116346	0.0177744
2.16551	1	0.0921699	0.0134156
2.20971	1	0.0726061	0.010587
2.2539	1	0.0569518	0.00800438
2.2981	1	0.0444483	0.00632555
2.34229	1	0.0345737	0.00480081
2.38649	1	0.0267788	0.00380001
2.43068	1	0.0206897	0.00289719
2.47487	1	0.0159304	0.00229637
2.51907	1	0.0122447	0.00175591
2.56326	1	0.00938656	0.00139004
2.60746	1	0.00718709	0.00106573
2.65165	1	0.00549137	0.000841583
2.69584	1	0.0041928	0.000646443
2.74004	1	0.00319745	0.00050958
2.78423	1	0.00243757	0.00039147
2.82843	1	0.00185711	0.000307728
2.87262	1	0.00141215	0.000235919
2.91682	1	0.00107539	0.000184519
2.96101	1	0.000818104	0.000142415
3.0052	1	0.000621594	0.000110507
3.0494	1	0.000472338	8.52538e-05
3.09359	1	0.000358742	6.505e-05
3.13779	1	0.000272762	5.07241e-05
3.18198	1	0.00020726	3.93227e-05
3.22617	1	0.00015724	3.04157e-05
3.27037	1	0.000119062	2.31872e-05
3.31456	1	9.05805e-05	1.80148e-05
3.35876	1	6.83718e-05	1.37571e-05
3.40295	1	5.21601e-05	1.07604e-05
3.44715	1	3.92332e-05	8.2564e-06
3.49134	1	3.00242e-05	6.42804e-06
3.53553	1	2.25151e-05	4.92154e-06
3.57973	1	1.72722e-05	3.81739e-06
3.62392	1	1.29287e-05	2.9245e-06
3.66812	1	9.92371e-06	2.26201e-06
3.71231	1	7.41223e-06	1.72866e-06
3.7565	1	5.69318e-06	1.33819e-06
3.8007	1	4.24804e-06	1.02164e-06
3.84489	1	3.26201e-06	7.91228e-07
3.88909	1	2.43653e-06	6.04e-07
3.93328	1	1.86675e-06	4.67971e-07
3.97748	1	1.39916e-06	3.57909e-07
4.02167	1	1.06751e-06	2.76441e-07
4.06586	1	8.05903e-07	2.12331e-07
4.11006	1	6.10336e-07	1.63224e-07
4.15425	1	4.66036e-07	1.26293e-07
4.19845	1	3.49054e-07	9.62855e-08
4.24264	1	2.70866e-07	7.52891e-08
4.28683	1	1.9977e-07	5.67265e-08
4.33103	1	1.58311e-07	4.4996e-08
4.37522	1	1.14463e-07	3.33679e-08
4.41942	1	9.30557e-08	2.6956e-08
4.46361	1	6.59845e-08	1.96083e-08
4.50781	1	5.59927e-08	1.61729e-08
4.552	1	3.88183e-08	1.15013e-08
4.59619	1	3.38543e-08	9.73685e-09
4.64039	1	2.28169e-08	6.75742e-09
4.68458	1	2.04325e-08	5.88419e-09
4.72878	1	1.33815e-08	3.97959e-09
4.77297	1	1.22751e-08	3.56585e-09
4.81716	1	7.81606e-09	2.34787e-09
4.86136	1	7.30286e-09	2.16326e-09
4.90555	1	4.51519e-09	1.39038e-09
4.94975	1	4.24062e-09	1.30655e-09
4.99394	1	2.53334e-09	8.32041e-10
5.03814	1	2.38995e-09	7.94642e-10
5.08233	1	1.40294e-09	5.02054e-10
5.12652	1	1.35721e-09	4.74839e-10
5.17072	1	7.90722e-10	2.9661e-10
5.21491	1	7.6538e-10	2.80554e-10
5.25911	1	4.44389e-10	1.7464e-10
5.3033	1	4.29744e-10	1.6378e-10
5.3475	1	2.54177e-10	1.01228e-10
5.39169	1	2.48849e-10	9.28951e-11
5.43588	1	1.5387e-10	5.63531e-11
5.48008	1	1.52558e-10	4.81703e-11
5.52427	1	1.03116e-10	2.40154e-11
5.56847	1	9.78687e-11	1.35484e-11
5.61266	1	8.03007e-11	9.80318e-13

0	2	-17.6976	5.30777
0.0441942	2	-10.0904	-13.3895
0.0883883	2	6.3648	-9.1504
0.132583	2	10.5636	-21.5203
0.176777	2	23.4232	-12.4376
0.220971	2	8.3394	-15.0253
0.265165	2	14.0847	-16.2491
0.309359	2	28.5387	-14.2993
0.353553	2	29.8226	-11.7799
0.397748	2	31.1586	-34.0259
0.441942	2	-1.98689	-14.4746
0.486136	2	18.3307	-5.97387
0.53033	2	-8.32049	-9.55817
0.574524	2	-2.118	-13.3956
0.618718	2	-17.6673	-17.2099
0.662913	2	14.9833	-6.04062
0.707107	2	14.5203	1.65409
0.751301	2	-7.14809	-6.31312
0.795495	2	-3.47163	3.03173
0.839689	2	3.58432	4.79413
0.883883	2	-5.44236	-1.40642
0.928078	2	1.19499	-2.04939
0.972272	2	10.686	-2.01445
1.01647	2	12.6112	-0.293534
1.06066	2	13.6394	-3.35899
1.10485	2	11.6382	-2.01655
1.14905	2	9.02346	-1.70226
1.19324	2	7.14715	-0.998173
1.23744	2	5.93917	-0.0556664
1.28163	2	4.61606	0.296017
1.32583	2	3.59601	0.447181
1.37002	2	2.87877	0.556403
1.41421	2	2.34807	0.515044
1.45841	2	1.93639	0.446323
1.5026	2	1.61802	0.372009
1.5468	2	1.34526	0.290421
1.59099	2	1.1144	0.226267
1.63518	2	0.918116	0.164948
1.67938	2	0.748167	0.124348
1.72357	2	0.605298	0.0865466
1.76777	2	0.482721	0.06364
1.81196	2	0.382217	0.0424509
1.85616	2	0.298137	0.0307017
1.90035	2	0.231105	0.0199643
1.94454	2	0.176518	0.0143532
1.98874	2	0.13412	0.00920194
2.03293	2	0.100586	0.00676605
2.07713	2	0.0750596	0.00441997
2.12132	2	0.0554218	0.00333971
2.16551	2	0.0407775	0.00234434
2.20971	2	0.0297543	0.00184594
2.2539	2	0.0216544	0.00140025
2.2981	2	0.0156755	0.00113499
2.34229	2	0.0113392	0.000902426
2.38649	2	0.00818589	0.000736985
2.43068	2	0.00591267	0.000597669
2.47487	2	0.0042765	0.000484185
2.51907	2	0.00309748	0.000393505
2.56326	2	0.00225335	0.000315444
2.60746	2	0.00164247	0.000254198
2.65165	2	0.00120558	0.000201028
2.69584	2	0.000886406	0.000159949
2.74004	2	0.000656663	0.000124406
2.78423	2	0.000486533	9.76241e-05
2.82843	2	0.00036315	7.48704e-05
2.87262	2	0.000271768	5.83907e-05
2.91682	2	0.000204223	4.46549e-05
2.96101	2	0.000153533	3.41265e-05
3.0052	2	0.000116709	2.61597e-05
3.0494	2	8.80441e-05	1.97871e-05
3.09359	2	6.71577e-05	1.5516e-05
3.13779	2	5.07663e-05	1.13998e-05
3.18198	2	3.87829e-05	8.48582e-06
3.22617	2	2.94931e-05	6.35137e-06
3.27037	2	2.27832e-05	4.87144e-06
3.31456	2	1.71609e-05	3.61448e-06
3.35876	2	1.33744e-05	2.78554e-06
3.40295	2	9.97224e-06	2.00519e-06
3.44715	2	7.83962e-06	1.51102e-06
3.49134	2	5.77224e-06	1.09012e-06
3.53553	2	4.55481e-06	8.21708e-07
3.57973	2	3.31843e-06	6.01024e-07
3.62392	2	2.60506e-06	4.50317e-07
3.66812	2	1.89145e-06	3.33991e-07
3.71231	2	1.46727e-06	2.51538e-07
3.7565	2	1.06543e-06	1.87291e-07
3.8007	2	8.04647e-07	1.40191e-07
3.84489	2	5.90204e-07	1.05842e-07
3.88909	2	4.24405e-07	7.75266e-08
3.93328	2	3.19963e-07	6.04577e-08
3.97748	2	2.11599e-07	4.23409e-08
4.02167	2	1.68819e-07	3.48889e-08
4.06586	2	9.71731e-08	2.26375e-08
4.11006	2	8.62694e-08	2.04102e-08
4.15425	2	3.89875e-08	1.19887e-08
4.19845	2	4.26128e-08	1.21265e-08
4.24264	2	1.19068e-08	6.31564e-09
4.28683	2	2.04011e-08	7.29639e-09
4.33103	2	1.09342e-09	3.3876e-09
4.37522	2	9.60891e-09	4.46016e-09
4.41942	2	-1.96974e-09	1.93257e-09
4.46361	2	4.81447e-09	2.74986e-09
4.50781	2	-1.33976e-09	1.20938e-09
4.552	2	3.07601e-09	1.72425e-09
4.59619	2	-2.15103e-10	8.54635e-10
4.64039	2	2.17857e-09	1.10395e-09
4.68458	2	6.33529e-10	6.57065e-10
4.72878	2	1.64716e-09	7.17933e-10
4.77297	2	1.07634e-09	5.19358e-10
4.81716	2	1.2707e-09	4.71452e-10
4.86136	2	1.17877e-09	4.05505e-10
4.90555	2	9.66893e-10	3.08589e-10
4.94975	2	1.05545e-09	3.07414e-10
4.99394	2	7.05944e-10	2.0492e-10
5.03814	2	8.33905e-10	2.23691e-10
5.08233	2	4.91616e-10	1.3776e-10
5.12652	2	6.01882e-10	1.56302e-10
5.17072	2	3.29255e-10	9.06809e-11
5.21491	2	4.0514e-10	1.04284e-10
5.25911	2	2.12617e-10	5.90703e-11
5.3033	2	2.59473e-10	6.75493e-11
5.3475	2	1.34412e-10	3.88036e-11
5.39169	2	1.62989e-10	4.25611e-11
5.43588	2	8.46239e-11	2.58137e-11
5.48008	2	9.70049e-11	2.78199e-11
5.52427	2	5.05435e-11	1.89396e-11
5.56847	2	4.81097e-11	1.90056e-11
5.61266	2	5.38127e-11	1.16052e-11

0	3	-11.9026	-0.381301
0.0441942	3	-5.61561	-10.4808
0.0883883	3	1.07779	-5.57283
0.132583	3	1.17773	-15.4946
0.176777	3	12.4001	-5.99991
0.220971	3	4.1971	-5.53022
0.265165	3	10.5052	-7.92371
0.309359	3	18.2996	-8.57663
0.353553	3	29.3907	-8.29624
0.397748	3	20.701	-25.6308
0.441942	3	1.05914	-11.0116
0.486136	3	14.2922	-7.24334
0.53033	3	-12.0867	1.27232
0.574524	3	0.38273	-3.52619
0.618718	3	-8.25257	-13.0082
0.662913	3	12.7616	-4.11386
0.707107	3	15.5158	1.07707
0.751301	3	1.52599	-6.25018
0.795495	3	6.19424	0.400632
0.839689	3	7.16902	3.94769
0.883883	3	-2.71719	-2.00768
0.928078	3	1.93903	-1.55486
0.972272	3	8.09026	-0.862514
1.01647	3	8.72442	1.12598
1.06066	3	9.22502	-1.9278
1.10485	3	7.55427	-0.850784
1.14905	3	6.05417	-0.438014
1.19324	3	5.34589	0.054369
1.23744	3	4.77784	0.65599
1.28163	3	3.96437	0.708524
1.32583	3	3.19233	0.653807
1.37002	3	2.63146	0.60646
1.41421	3	2.1145	0.488905
1.45841	3	1.71327	0.361127
1.5026	3	1.35778	0.269207
1.5468	3	1.07193	0.179237
1.59099	3	0.823002	0.124321
1.63518	3	0.629829	0.0751279
1.67938	3	0.468289	0.0495423
1.72357	3	0.345682	0.0273593
1.76777	3	0.247876	0.0170234
1.81196	3	0.175716	0.00888765
1.85616	3	0.121182	0.00543284
1.90035	3	0.0822929	0.00323453
1.94454	3	0.054387	0.00229144
1.98874	3	0.0352965	0.00201619
2.03293	3	0.0223459	0.00166837
2.07713	3	0.0138779	0.00176591
2.12132	3	0.00847373	0.00150304
2.16551	3	0.00509729	0.00147876
2.20971	3	0.00308233	0.00122672
2.2539	3	0.00188671	0.00108934
2.2981	3	0.00122442	0.000871139
2.34229	3	0.000828684	0.000716396
2.38649	3	0.000619774	0.00055151
2.43068	3	0.00047865	0.000424671
2.47487	3	0.000397809	0.000315483
2.51907	3	0.000326163	0.000229396
2.56326	3	0.000275636	0.000163315
2.60746	3	0.000224492	0.000113077
2.65165	3	0.000183832	7.70008e-05
2.69584	3	0.000144948	5.13753e-05
2.74004	3	0.000113573	3.36657e-05
2.78423	3	8.67582e-05	2.24986e-05
2.82843	3	6.53156e-05	1.41603e-05
2.87262	3	4.88149e-05	9.6312e-06
2.91682	3	3.50774e-05	5.604e-06
2.96101	3	2.5176e-05	3.86618e-06
3.0052	3	1.72755e-05	2.10922e-06
3.0494	3	1.23617e-05	1.71668e-06
3.09359	3	8.19914e-06	8.86537e-07
3.13779	3	5.70934e-06	8.55855e-07
3.18198	3	3.61065e-06	5.67311e-07
3.22617	3	2.53002e-06	5.13929e-07
3.27037	3	1.45561e-06	3.46817e-07
3.31456	3	1.1343e-06	2.99619e-07
3.35876	3	5.91898e-07	1.44117e-07
3.40295	3	5.70037e-07	1.65695e-07
3.44715	3	2.75634e-07	9.94433e-08
3.49134	3	3.48132e-07	1.12106e-07
3.53553	3	1.91928e-07	7.37417e-08
3.57973	3	2.5864e-07	6.8682e-08
3.62392	3	1.83453e-07	4.8982e-08
3.66812	3	2.06398e-07	3.92083e-08
3.71231	3	1.75457e-07	2.9356e-08
3.7565	3	1.62273e-07	2.1068e-08
3.8007	3	1.57664e-07	1.84535e-08
3.84489	3	1.20982e-07	1.08182e-08
3.88909	3	1.29776e-07	1.26073e-08
3.93328	3	8.42417e-08	5.01166e-09
3.97748	3	9.79743e-08	8.69499e-09
4.02167	3	5.41011e-08	2.18325e-09
4.06586	3	6.67028e-08	6.00174e-09
4.11006	3	3.14109e-08	6.84634e-10
4.15425	3	4.03036e-08	3.5814e-09
4.19845	3	1.57623e-08	-7.51958e-11
4.24264	3	2.04761e-08	1.68195e-09
4.28683	3	6.02756e-09	-4.03288e-10
4.33103	3	7.29847e-09	3.39446e-10
4.37522	3	7.03432e-10	-5.08787e-10
4.41942	3	-1.94749e-10	-4.69035e-10
4.46361	3	-1.58134e-09	-5.06836e-10
4.50781	3	-3.22278e-09	-8.20362e-10
4.552	3	-1.98458e-09	-4.29628e-10
4.59619	3	-3.92056e-09	-8.37469e-10
4.64039	3	-1.77734e-09	-3.16749e-10
4.68458	3	-3.39715e-09	-6.76038e-10
4.72878	3	-1.31897e-09	-2.06146e-10
4.77297	3	-2.41168e-09	-4.5804e-10
4.81716	3	-8.3595e-10	-1.13072e-10
4.86136	3	-1.42843e-09	-2.6009e-10
4.90555	3	-4.34133e-10	-4.93272e-11
4.94975	3	-6.54209e-10	-1.11917e-10
4.99394	3	-1.49425e-10	-8.70232e-12
5.03814	3	-1.67622e-10	-2.15531e-11
5.08233	3	9.43583e-12	1.02895e-11
5.12652	3	5.65231e-11	2.2803e-11
5.17072	3	6.51253e-11	2.07178e-11
5.21491	3	1.29539e-10	3.70944e-11
5.25911	3	7.55272e-11	2.15123e-11
5.3033	3	1.26923e-10	3.55785e-11
5.3475	3	6.42001e-11	1.837e-11
5.39169	3	9.86086e-11	2.71595e-11
5.43588	3	4.95811e-11	1.40383e-11
5.48008	3	7.08756e-11	1.87913e-11
5.52427	3	3.52166e-11	1.02677e-11
5.56847	3	3.86555e-11	1.14629e-11
5.61266	3	4.99438e-11	8.05985e-12

0	4	-4.07327	-5.45205
0.0441942	4	-0.904388	-7.24803
0.0883883	4	-1.59502	-2.86224
0.132583	4	-2.47089	-10.9919
0.176777	4	7.22001	-3.09236
0.220971	4	4.23072	0.965541
0.265165	4	8.42791	-0.982481
0.309359	4	9.6205	-3.26035
0.353553	4	27.0971	-4.24015
0.397748	4	6.06981	-15.8314
0.441942	4	2.02718	-6.71936
0.486136	4	10.1876	-8.39574
0.53033	4	-14.3409	7.68653
0.574524	4	-0.432885	0.460958
0.618718	4	-1.66252	-8.0055
0.662913	4	9.62074	-1.69077
0.707107	4	15.9162	3.57739
0.751301	4	6.64503	-6.46307
0.795495	4	11.4531	-2.21043
0.839689	4	7.57427	3.32313
0.883883	4	-2.25939	-2.76099
0.928078	4	1.77851	-1.22611
0.972272	4	6.14935	-0.0159518
1.01647	4	6.39046	1.90568
1.06066	4	6.62177	-1.22986
1.10485	4	5.20948	-0.352536
1.14905	4	4.285	0.0418328
1.19324	4	4.19414	0.426152
1.23744	4	3.82426	0.830896
1.28163	4	3.2157	0.766963
1.32583	4	2.50292	0.584793
1.37002	4	2.00166	0.465775
1.41421	4	1.50587	0.327715
1.45841	4	1.14653	0.207285
1.5026	4	0.832356	0.133042
1.5468	4	0.597394	0.0742646
1.59099	4	0.408375	0.0422679
1.63518	4	0.273616	0.0220291
1.67938	4	0.174431	0.0124345
1.72357	4	0.106948	0.00897996
1.76777	4	0.0614344	0.00624266
1.81196	4	0.0327977	0.00699156
1.85616	4	0.0153648	0.00566515
1.90035	4	0.00593981	0.00611063
1.94454	4	0.00106561	0.00493931
1.98874	4	-0.000705622	0.00460616
2.03293	4	-0.00120828	0.00355691
2.07713	4	-0.000834707	0.00288121
2.12132	4	-0.000424283	0.00213383
2.16551	4	4.79343e-05	0.00151407
2.20971	4	0.000348655	0.00106995
2.2539	4	0.000500428	0.000668196
2.2981	4	0.000557498	0.000440503
2.34229	4	0.00051096	0.000231715
2.38649	4	0.000449679	0.000134673
2.43068	4	0.000347408	5.07154e-05
2.47487	4	0.000266263	1.83384e-05
2.51907	4	0.000183589	-3.70382e-06
2.56326	4	0.000124851	-9.5045e-06
2.60746	4	7.78574e-05	-9.19141e-06
2.65165	4	4.65092e-05	-7.8552e-06
2.69584	4	2.6442e-05	-3.89663e-06
2.74004	4	1.34686e-05	-2.61865e-06
2.78423	4	7.14879e-06	-5.74886e-07
2.82843	4	3.13937e-06	3.59342e-08
2.87262	4	1.11135e-06	6.5292e-07
2.91682	4	8.27146e-07	8.53456e-07
2.96101	4	1.0309e-06	1.25154e-06
3.0052	4	7.34e-07	9.26941e-07
3.0494	4	7.80914e-07	7.57571e-07
3.09359	4	6.78876e-07	3.54048e-07
3.13779	4	6.56404e-07	3.5733e-07
3.18198	4	6.19926e-07	3.14361e-07
3.22617	4	3.77264e-07	1.65294e-07
3.27037	4	3.83663e-07	8.50233e-08
3.31456	4	1.4863e-07	4.09222e-08
3.35876	4	1.9104e-07	8.29932e-08
3.40295	4	-6.9558e-09	3.17432e-08
3.44715	4	6.71215e-08	4.99583e-08
3.49134	4	-7.04368e-08	9.92122e-09
3.53553	4	-9.13964e-09	1.91563e-08
3.57973	4	-8.65158e-08	1.46287e-09
3.62392	4	-5.21311e-08	3.96558e-09
3.66812	4	-7.35868e-08	-1.24346e-09
3.71231	4	-6.47407e-08	-2.76276e-09
3.7565	4	-5.01021e-08	-1.94081e-09
3.8007	4	-5.90578e-08	-5.98623e-09
3.84489	4	-2.67538e-08	-1.74095e-09
3.88909	4	-4.31788e-08	-6.58249e-09
3.93328	4	-9.19282e-09	-8.13064e-10
3.97748	4	-2.52475e-08	-4.91785e-09
4.02167	4	1.69736e-09	-1.34297e-10
4.06586	4	-8.95286e-09	-2.64817e-09
4.11006	4	6.91869e-09	4.81937e-10
4.15425	4	2.53959e-09	-3.95791e-10
4.19845	4	8.15733e-09	8.03098e-10
4.24264	4	8.59454e-09	1.06498e-09
4.28683	4	7.08402e-09	8.22109e-10
4.33103	4	1.00104e-08	1.62921e-09
4.37522	4	5.06776e-09	6.5145e-10
4.41942	4	8.40199e-09	1.50319e-09
4.46361	4	3.08335e-09	3.99662e-10
4.50781	4	5.76698e-09	1.00537e-09
4.552	4	1.62421e-09	1.61896e-10
4.59619	4	2.91976e-09	4.71227e-10
4.64039	4	5.02121e-10	4.26795e-12
4.68458	4	7.2078e-10	7.18155e-11
4.72878	4	-1.66759e-10	-7.74791e-11
4.77297	4	-5.21401e-10	-1.44153e-10
4.81716	4	-4.3988e-10	-1.00613e-10
4.86136	4	-9.28107e-10	-2.06696e-10
4.90555	4	-4.4106e-10	-8.77588e-11
4.94975	4	-8.05735e-10	-1.76855e-10
4.99394	4	-3.03653e-10	-6.29923e-11
5.03814	4	-4.89101e-10	-1.13147e-10
5.08233	4	-1.55218e-10	-3.62303e-11
5.12652	4	-2.15052e-10	-5.02731e-11
5.17072	4	-5.36231e-11	-1.19485e-11
5.21491	4	-3.9375e-11	-8.72597e-12
5.25911	4	4.92529e-12	1.73664e-12
5.3033	4	4.15302e-11	1.07638e-11
5.3475	4	2.90897e-11	7.35904e-12
5.39169	4	6.36315e-11	1.57979e-11
5.43588	4	3.38132e-11	8.08108e-12
5.48008	4	5.55285e-11	1.3585e-11
5.52427	4	2.73711e-11	6.94269e-12
5.56847	4	3.31231e-11	8.86356e-12
5.61266	4	4.75205e-11	7.06475e-12

