-0.0641443	1.09048
0.592933	-0.573198
0.308743	0.422382
-0.124777	2.1282
-0.248191	-0.256444
-1.11107	0.544786
0.51142	-0.58908
-0.178506	0.0665928
0.306709	-0.383937
-0.0927247	-0.255395
-0.0123222	-0.693041
-0.0279726	1.25925
-0.025294	0.320619
0.315221	0.55922
0.166032	-0.660532
-1.07342	0.210419
-0.0579222	-1.37386
-1.08103	0.241998
-1.01434	0.808911
1.1266	1.10891
0.046322	0.692747
0.833733	-0.314475
-0.579737	-1.00321
0.5207	-0.308912
0.396108	0.431949
0.436642	0.156054
-1.22352	0.0222712
-0.829993	0.239074
0.0017581	-1.00192
-0.277651	0.0240799
0.334022	-0.378823
-0.397975	-1.14918
0.680745	0.0790014
-0.0225791	-0.520272
-0.592306	0.46225
0.483637	0.325787
0.939776	0.235758
0.260046	2.03108
1.3245	1.69703
-1.92534	-0.287779
0.305188	-0.290694
-0.691324	1.29555
0.363631	-1.37328
-0.736335	-0.229472
-0.154371	-1.57372
0.682232	0.315815
0.839458	-0.230883
0.136852	0.448634
-0.963966	-0.378894
0.573563	-0.276161
0.263717	0.268963
0.339218	0.468445
0.817646	-0.398438
-0.147733	0.675259
-1.43999	0.366477
0.466669	0.565742
0.373606	0.222872
-2.15991	0.0118539
0.178215	0.676462
0.60812	-1.26072
-0.169452	-0.0121142
0.392206	0.345393
-0.00742121	-0.636511
-1.03826	0.34852
0.355395	-0.0344255
-0.266824	1.2719
0.4427	0.149936
-0.451756	0.482365
0.222325	0.136655
-0.733318	0.729001
0.427644	0.196028
1.02271	-0.639322
-0.402655	-0.969552
-1.27511	0.0495752
0.92269	-0.934779
0.362124	0.492284
0.378438	-0.0188608
0.305274	-0.160841
0.165321	0.378916
0.45063	0.985182
-0.588917	1.2643
0.574881	-1.17351
-0.0111711	0.800548
-0.295889	0.386357
1.19655	0.190281
-0.760212	-0.582908
-0.10547	-0.358428
0.816144	0.0878548
-0.321981	-0.879207
-0.798457	-0.922899
0.216622	0.204469
-0.574308	-0.814034
-0.544095	-0.304834
-0.239304	0.0202465
-0.638414	0.407905
-0.0368003	-0.631911
0.0498255	0.198451
-0.56139	0.490263
-0.129691	0.664367
0.484664	0.440495
0.0511193	-0.284631
-0.39217	0.0278362
0.67893	0.292005
-0.159006	1.27197
0.305229	-1.01987
0.342721	0.381834
0.183126	0.204389
-0.0264095	0.795202
0.300879	0.638094
-1.15073	0.665834
1.22907	0.622918
0.0289701	0.512923
0.133295	0.0275042
-0.884916	0.426917
0.464824	0.286532
-0.207211	-1.14543
0.100883	0.223295
0.567228	-1.0056
-0.178092	0.906911
0.787494	1.26031
-0.172613	-0.535816
-0.286233	0.0204504
0.632673	0.842934
-0.588822	0.485244
-0.274907	0.310565
0.353778	-1.56792
0.601581	0.127167
-0.362584	-0.487472
0.129745	-1.08449
-0.0749882	0.917898
-0.768689	0.695327
0.945669	-0.431062
-0.281382	0.266544
-0.0685338	0.556385
-0.497131	1.16857
0.0535314	0.454461
0.254563	1.57931
-0.0538667	0.0269956
-0.343498	0.962319
-0.105342	0.450085
0.834486	0.391776
-1.10416	-0.51849
0.820819	0.31159
0.429391	1.57211
-0.434595	-0.221058
-0.0639628	1.17491
0.59736	-0.314996
-0.00905738	0.968383
-0.424899	0.183266
-0.656147	-0.264663
-0.135309	-0.782887
0.165079	0.779233
-0.287183	0.148764
-0.489186	0.318334
-0.975065	-0.407225
-0.521099	0.853185
0.0388737	-0.234322
-0.161796	-0.242928
0.386917	-0.395303
-0.148916	0.493818
0.25951	-0.515449
-0.669691	-0.393231
-0.251897	0.380296
-0.441951	-0.0879047
0.0546257	0.512021
-0.0827203	0.463031
-0.14627	1.09218
1.36712	0.631067
0.0176364	0.522834
0.257758	-0.531817
-0.0591273	0.306856
0.537951	0.592749
-0.0375966	-0.352112
-1.0244	-0.541374
-0.666666	-0.774
0.321636	0.460919
-0.985794	-0.369412
1.07279	-0.16282
-0.45799	-0.0907288
0.0842274	-1.23109
-0.756659	-0.93061
-0.385677	-0.113104
-0.557011	-0.0306949
0.263172	0.329227
-0.453574	0.451003
0.328103	0.615801
-0.427498	1.07968
-0.0265925	-0.0738172
1.24225	-0.243773
0.89927	0.30562
-0.426993	-0.358877
1.29178	0.298317
-0.73567	0.985112
0.678934	-0.108775
0.952664	-0.344296
0.130053	-0.260092
-0.313321	0.190097
-0.530508	1.0052
-0.316002	0.442809
0.488803	0.923327
-0.140398	-1.07894
-0.639377	0.777974
-0.304212	-0.358755
-0.0397268	0.736541
-0.493335	1.14329
0.823044	-0.496027
0.833395	0.365312
0.914881	0.790063
0.428116	-0.104873
-0.71693	-0.137225
0.59568	-0.107863
0.627119	0.204471
-0.712635	-0.430534
0.463381	-0.0505943
-0.743195	1.27585
-1.39361	1.05693
-0.375523	-1.10597
2.01888	0.424575
-0.282631	-0.99299
1.1196	0.0543462
-0.883127	0.542655
0.588604	-0.346189
-0.328099	0.769737
-0.733107	0.12443
0.635503	1.4404
0.0374142	-0.139917
0.245124	-0.0101263
-0.33274	-1.39646
0.50685	0.262911
-0.201	-0.63717
-0.746699	-0.281787
-0.529847	-0.025648
0.562107	0.456504
-1.06077	-0.38235
0.338953	0.416164
-0.108545	1.28997
-0.421051	1.07016
-0.572013	-0.0455033
-0.404405	0.194216
0.123078	0.0645891
1.13555	-0.805584
-0.12241	-0.262688
-0.217598	-0.979277
-0.104157	0.456586
-0.0252481	-0.450597
0.436339	0.123998
0.751675	0.413901
-0.549199	-0.461056
1.24976	0.0884619
-0.839929	0.267136
-1.0694	-0.635419
0.486079	0.278222
-0.0115213	1.63873
-0.506201	0.520896
0.240856	-0.153461
1.58148	-0.697209
-0.510441	-0.0793997
0.779808	0.02976
0.0619755	-1.95485
-0.0657845	0.563997
0.279264	1.62967
0.425911	-0.344825
1.65889	-0.0228311
1.01381	-0.295656
-0.205523	1.08265
0.695899	0.534799
0.288122	-0.0435382
0.838796	-0.568951
0.32155	-0.0535608
-1.04278	0.0648233
-0.912442	-0.0375526
-0.242159	-0.280911
-0.389412	0.26682
0.597942	0.219392
-0.335844	-0.341826
-1.35859	0.477057
-0.203115	-0.938526
0.530181	-0.384405
-1.1015	-0.438752
-0.755649	0.613428
-0.395145	-0.350717
0.711586	1.12334
-0.492213	-0.275586
-0.104997	0.530878
-0.600475	-0.33483
0.704789	0.494865
0.852617	0.732398
-0.0904359	0.192591
-0.589832	-0.719114
-0.501179	-0.228389
-0.38568	-0.700691
1.13323	-0.171006
0.654234	-0.530975
-0.841763	-0.260307
-0.265431	-0.582809
-0.621753	-0.350659
-0.163171	0.618934
-2.23201	-0.756243
0.0450171	0.71426
-0.321453	0.0428855
1.57278	0.0434176
0.0980032	0.0243467
0.649666	-1.34727
-1.34525	0.691138
0.401515	-0.372875
-0.376776	0.386626
-0.666053	1.59925
1.59096	0.178087
-0.974793	-0.86424
1.18942	-0.362059
-0.183797	0.911386
0.141918	0.668515
-0.216701	-0.528504
2.09664	0.543759
0.0743626	0.199939
-0.333511	0.362109
0.684878	-1.01694
0.585302	0.326516
0.557025	-1.28364
0.417606	0.844676
0.0129624	-0.0424907
0.573954	0.888153
0.10501	0.445219
0.640584	1.03337
0.0713671	2.18595
-0.888833	0.94672
-0.137063	0.17862
0.999279	0.143885
0.48962	0.169302
-0.921814	-0.478578
0.287399	0.208818
-0.715218	0.425274
0.112985	-0.213846
-0.0230376	-0.748412
-1.08939	0.148411
-0.191855	0.144258
-0.976289	-0.558624
-0.498279	0.296462
0.772526	0.447759
0.0193588	-0.579054
0.059088	-0.703232
0.596136	-0.0858219
0.230103	-0.183906
-0.537797	0.67028
0.592195	-0.287756
-0.0976229	-0.605185
0.698394	-0.104092
1.29619	-0.790447
0.498925	-0.993684
-0.602497	0.0443828
0.0850973	0.357507
1.12993	-0.357685
1.64725	0.351321
-0.465052	-0.646627
0.240248	0.145268
0.0178557	0.668855
0.350315	-0.377203
0.583656	-1.79492
0.243368	0.262914
-0.0963892	0.131889
0.00508285	-0.661669
-0.581035	-0.753071
0.122126	-1.74834
-0.413277	-1.37631
1.50522	-0.507838
-0.851119	1.13384
0.57262	-0.37846
-0.142836	0.607081
1.51519	0.661465
-0.0592273	0.116191
0.141249	1.32839
-1.13679	0.288233
-2.44965	-0.352881
0.241453	0.704783
0.634325	0.189269
0.0388319	1.46075
-0.832525	-0.536299
0.458662	0.353846
0.151048	0.965274
-0.382304	-0.45537
0.718975	-0.536898
0.362963	0.0951502
-0.574503	-0.109801
0.0502243	-0.243252
-0.740998	0.534579
-0.47747	0.195631
-0.603067	-0.688126
-0.10888	-0.0993993
0.66397	-0.316705
0.994924	-0.901874
1.11361	0.981268
0.0787212	0.268286
-0.692738	-0.693238
0.151234	0.129243
-0.673651	-1.9282
0.114357	-1.42211
-0.48869	-0.877782
-0.908533	0.700612
-0.472858	0.390836
0.511641	-0.402992
-1.6717	0.314774
-0.11082	0.10415
0.202949	0.0780552
-0.0748131	0.584466
-0.241936	0.048815
-0.141128	0.747228
0.359287	-0.674721
-0.258833	0.232516
-0.340082	-0.0147713
0.490627	-0.143419
0.380946	-0.0924512
-0.0238036	-1.16695
1.22922	1.02285
0.270819	1.2093
-0.446975	1.31197
0.745553	-1.13765
-0.377364	0.273431
0.351962	-0.285034
1.11434	-1.17201
-0.414205	0.863474
1.56003	-0.616983
-0.283596	0.968629
-0.689515	0.689937
-1.37039	0.583164
0.22261	-0.23797
-0.734018	-0.474251
0.690452	0.555243
0.284102	-0.925974
-0.552483	0.362248
0.085739	0.207315
0.0426342	0.440978
0.526855	0.621346
-0.795965	0.111526
0.465549	0.704496
0.384355	-0.669807
0.33256	-0.740507
0.0205558	-0.547879
0.0315725	-0.423389
-0.55485	-0.859236
0.209611	-1.5186
0.27965	-0.131446
0.0468404	-0.362254
0.835305	-1.21942
1.14891	0.230556
0.428397	0.0265093
-1.73609	-0.0474659
1.13967	0.180762
0.684701	0.0957537
-0.302843	2.13599
0.726249	0.664243
0.581204	0.552454
-0.33478	-0.135891
0.184887	0.364525
0.539703	-0.333999
0.270605	1.14578
-0.368846	-0.305929
-0.542184	-0.495635
-0.0177671	0.792435
0.0161555	-0.385711
1.34974	0.335984
0.374683	0.245639
-0.349612	-1.46627
0.98479	0.943255
1.49539	0.19225
0.0604387	-0.44337
0.219648	0.0385392
0.536553	0.294176
-0.0229927	-0.178457
0.209252	-0.123799
0.380572	-1.64008
0.286152	-0.247454
-0.266373	1.40921
-0.556769	0.766468
-0.0588057	0.775135
1.08018	0.422371
0.0263955	-0.180213
-0.488403	1.61264
-0.0808851	0.223838
0.345424	-0.665762
0.361366	0.129344
-1.21728	-0.620318
-0.188936	-0.778477
-0.13198	0.428183
0.222133	-0.408942
0.17959	0.252244
-0.13809	0.793374
0.46858	0.745792
-0.00412029	-0.54316
0.229932	-0.0888392
-0.723623	0.464977
-1.18764	1.1727
-1.49498	0.306423
0.148147	0.795177
-0.571685	1.14955
0.373361	-1.36452
-0.600976	-0.562816
-0.0101043	-1.04546
0.196027	0.568755
0.925915	0.28565
-1.12272	0.83658
-0.0501223	0.415553
-0.11624	0.382518
0.67652	0.367227
0.0230367	0.144104
-1.22024	0.374082
-1.02021	-0.786857
-0.86152	-0.0157434
0.347661	-0.358295
0.663637	0.800299
-0.966467	1.08929
-0.0289425	-0.021337
0.765307	0.0695739
-0.0832673	-0.0846195
-0.658556	-0.219818
-0.949852	0.0991386
-1.13155	0.32201
-0.457501	0.723664
-0.523047	1.20726
0.817317	0.345217
-0.051676	0.166796
-0.38973	-0.713018
-0.209268	0.0553119
-0.468514	0.386612
-1.01958	-0.165144
-0.435984	-0.120845
0.0848407	-0.101679
-0.275459	0.822375
0.0740916	1.22075
-1.45526	-0.343656
-0.833982	-0.256203
0.722458	-1.01858
-0.696042	0.35643
0.0995689	-0.00812098
-0.278407	1.09951
-1.1474	-0.0981211
1.17767	0.747452
-0.634513	1.37294
0.350644	-0.467383
0.432914	0.597639
0.494408	0.74864
1.41839	-0.0119513
-0.722387	1.30216
0.516459	0.923797
0.13084	0.0814817
-0.244384	-0.533413
-0.0533998	-1.06378
-0.515801	-0.810002
-0.906677	1.35023
0.208591	0.530537
0.0441219	0.665598
0.0576994	0.56058
0.726322	0.361324
0.0859191	-0.711548
0.800506	-0.971885
-0.745355	0.17008
0.584533	0.407281
-0.547569	0.205473
-0.424815	-0.325958
-1.29151	-0.535724
-0.308899	-0.118624
0.826911	0.658673
0.323508	0.56229
0.869792	-0.0517538
-0.387113	-0.808088
0.414876	0.0361693
-0.566742	0.771186
-0.883549	-0.0838977
-0.785192	-0.00212261
-0.368962	-0.347589
-0.00811472	0.937589
-0.638768	-0.477519
0.98305	0.537831
0.204101	1.07283
-0.591016	-1.11363
0.0921984	-0.612053
0.402199	-1.3516
1.14174	-1.31194
0.53008	0.0773059
-1.03336	-0.245143
0.34634	1.14776
-0.548969	0.622531
-0.795704	-0.0325598
0.988613	-0.0291924
-0.315014	-0.0442969
0.523029	-0.209555
-0.480377	0.170953
0.349387	0.449983
-0.0686863	-0.233012
0.344122	-1.23415
0.803739	-0.0112268
-0.566283	-0.493579
-0.0180166	0.504192
0.345813	-0.136302
-0.0853836	0.477032
-0.140638	-0.358256
-0.00261897	-0.244914
0.69556	0.657346
0.861962	0.377142
0.0364132	-0.122981
0.555312	0.548639
-0.591258	0.423303
-1.9135	1.00953
0.589028	-0.0398997
-1.4974	0.515229
0.736641	-0.407184
-0.20721	-0.102756
-1.00725	0.306954
0.767682	1.03183
0.709671	1.07665
-0.580209	0.617996
0.529783	-0.263911
-1.3933	-0.217802
0.346279	0.470171
-0.792557	0.138123
0.827604	0.0652473
-0.752594	1.36293
0.368908	2.42159
-0.266232	-0.00583513
0.617669	-0.621391
0.211653	-0.242076
-0.232007	0.856224
0.0236924	0.22181
-0.923301	-1.26521
-0.31993	-1.17938
-1.93463	-0.543838
-0.475566	0.951915
-0.148353	-0.374447
1.44116	-1.04343
-0.784349	-0.318744
-0.0479245	-0.196601
0.0103189	-0.314757
0.0677936	-0.110528
0.383546	-0.256842
0.816604	-0.376379
-0.410105	0.301413
-0.5014	-0.405883
0.185857	-1.28111
0.135595	-0.130367
-0.135749	0.199846
-1.12109	-0.99878
-0.80185	1.20755
1.0411	0.704821
-0.136972	-0.553638
-0.903532	0.303041
-1.44609	0.299783
0.676084	-0.313146
0.104608	-0.438935
-1.21073	0.332339
0.347588	0.0132179
0.335545	-0.282862
-0.626673	-0.666819
-1.34707	0.207167
0.380889	-0.615163
0.240448	-0.437574
1.11769	0.0725508
-0.138624	0.212067
-0.188795	1.35548
0.0818406	-0.327138
-0.418094	1.04424
-0.93118	-0.849254
0.0411837	-0.117683
0.558809	1.05047
0.859514	1.63037
-0.538404	0.0323315
0.396269	1.18882
-0.347082	0.331565
-0.220125	-0.848517
0.428297	-0.984809
1.22811	-1.25057
-1.00075	0.973039
0.623691	0.192921
-0.0920743	-0.0176587
-0.857715	0.240367
0.213161	-0.398423
0.751957	-0.937667
-0.686518	-0.483437
-1.03115	0.647672
0.20735	-0.375705
0.656811	0.593444
0.0372926	-0.271316
-0.555155	0.423146
-0.221892	-0.174875
-0.00446528	-0.380182
1.59885	-0.161545
0.16921	-0.374588
0.0973859	-0.19126
-0.269739	0.010781
0.250531	-0.852137
-1.12301	-0.0219535
-1.63423	0.713281
-0.271104	-0.367599
-1.02541	0.615179
-0.177836	-0.204565
-0.79464	0.41852
-0.524507	0.314485
0.511606	0.273272
-0.684742	0.503168
1.18808	0.563101
-0.38606	0.80185
-0.0435109	-0.0247092
0.0108307	0.544219
0.400433	-0.870254
-1.18557	1.3085
0.193453	-0.516766
0.566775	-1.38683
-0.179377	-0.117009
-0.141424	-0.343041
0.578318	-1.26785
0.480182	0.837859
-0.952665	-0.452082
0.553318	0.464109
-0.948184	0.272993
-0.229619	0.5367
-0.0752952	0.00909337
0.625282	-0.750117
-0.408283	0.598879
0.140392	1.73571
0.430129	0.707603
-1.39302	0.629211
-0.536865	0.320758
-0.848296	-0.586174
0.110531	-0.415627
1.21854	-0.357545
0.544097	0.0915538
-0.299069	0.705536
0.158582	0.690585
0.178718	-0.200101
-0.0563812	-1.73222
0.0742836	0.879686
0.243891	0.258081
0.0892601	0.266833
0.0086278	0.681272
-0.0689483	-0.60775
-0.0168981	0.698777
0.36371	-0.116028
0.862204	-0.463775
1.36884	-0.316192
0.629317	0.348109
2.29281	-0.513622
0.420247	-1.45623
0.0613472	-0.123422
1.43254	-1.23783
0.0944624	0.226883
0.472069	-0.726987
0.571942	0.0790651
-1.38198	0.688222
0.580431	0.0201046
-0.730932	0.793871
-0.708862	-0.507229
-0.913957	0.0610717
0.655362	-1.05211
0.581206	0.0737169
-0.615214	-0.146491
-1.21695	0.342863
0.651134	0.618872
0.175409	-0.203327
-0.952045	1.60792
-0.31133	-0.274757
0.0867321	-0.164839
0.640751	0.725884
1.08254	-0.335368
0.0970146	1.07559
-0.439427	0.597192
0.072113	-0.443186
1.2476	-0.455328
-0.453603	-1.4371
-0.345125	0.623319
-0.567167	-0.363208
-0.412827	0.528659
-0.430819	1.423
0.368475	0.659365
-0.826873	0.715329
-1.57763	0.166756
-0.124459	-1.75661
0.597516	0.412234
-0.604287	0.202227
0.760877	0.00522237
-0.0769827	0.590487
-0.406931	-0.807269
1.15247	-0.462963
-0.283734	-0.0753411
0.064667	0.818083
0.245983	-0.322348
-0.182446	0.823569
-0.611684	2.19304
-0.607875	-0.63188
-0.805565	-0.134639
-0.710449	-0.675705
-0.477567	-0.444344
-0.366253	0.0908364
1.39488	-0.494127
0.501513	0.420695
0.532782	0.826908
0.181644	0.194692
-1.24248	0.731841
-0.581681	-0.404188
-0.126898	-0.570599
0.475819	1.03018
0.41358	-1.05488
0.10977	1.1426
-0.650056	-1.09912
0.262091	-0.214468
0.0988173	0.781828
-0.192103	1.10047
-0.0490159	0.05271
-0.150812	-0.244211
-1.11903	0.426421
-0.891068	0.620686
-0.0142931	-0.998625
0.258654	-0.696282
-0.546192	0.397056
0.0280631	0.390307
-0.393211	-0.1965
-0.418956	-0.477337
0.986881	-0.49332
-0.646909	0.167857
0.253739	0.634826
0.198633	-0.956939
-0.352298	0.320229
-0.416214	-0.321332
0.0991754	0.710309
-1.12651	0.163316
-0.030771	-0.754597
0.407031	0.975329
0.419891	-0.147295
-0.81316	0.662825
-0.215815	-0.152833
-0.161613	1.03571
-0.0157946	0.153501
-0.699728	0.808012
-0.840931	-1.13106
-0.57808	0.810298
0.805445	0.0273914
2.09978	-0.498386
-0.251912	1.1554
0.685225	0.252055
0.72646	0.970657
0.809294	0.381355
0.0897403	-0.927751
0.525812	-0.139404
-0.172754	0.418882
1.45992	1.0769
0.0445056	-0.119141
0.508888	0.710527
-0.0808522	-0.95472
0.645312	0.724849
0.783501	-1.33645
0.385589	-0.73266
0.0199387	-0.180882
0.17927	-1.53644
0.154475	-0.187675
-0.307941	-0.423004
-0.099005	1.34804
-0.283941	-0.352152
-0.463766	-1.25589
0.970361	-0.290971
0.220674	0.317413
-0.462088	-0.29872
0.450727	-0.78203
-0.32272	1.32454
0.153451	-0.887318
-0.0476539	-0.136217
0.516337	0.139619
-1.5383	0.36341
-0.243023	0.989639
-0.301768	-0.0135374
0.653804	-0.967591
-0.961159	0.488912
0.0387223	0.772952
-0.640981	0.573221
-0.161492	-1.02309
0.303742	-0.0198238
0.266114	-0.481245
0.111022	-0.308304
0.497509	-0.0746765
-0.00567759	0.505336
0.0109215	-0.435098
-0.481478	0.0101876
0.57066	-1.19992
1.47285	0.95891
-0.780062	-0.94461
-0.0691608	-0.0806511
-1.12982	0.36891
0.878626	0.142699
-0.30428	-0.274971
1.38967	0.112737
0.655437	0.935521
0.392012	0.637189
0.0293158	0.292381
-0.339815	-0.907535
-0.0395467	0.425971
-0.448907	-0.208295
-1.44205	1.51287
-0.171814	0.166572
-0.468731	-0.239026
-0.675993	-0.87108
-1.17436	0.0497824
1.24151	1.2108
-0.0998865	0.307969
0.734392	-0.710208
-0.718455	-0.458054
-0.971188	0.536293
0.211399	0.496995
-0.176742	-1.30523
-0.341408	0.508267
1.30162	-0.528125
-0.0935744	0.49147
0.116698	-0.164981
-0.547496	-0.880797
-0.437881	-1.15134
-0.561707	0.0267604
-0.498512	0.271707
1.6972	-0.117673
0.574982	-0.91915
0.737142	-0.84274
-0.816894	0.219229
0.0904352	0.433921
-0.0406118	0.783221
0.772616	0.383592
1.02511	0.0728761
-0.94419	0.851456
-1.4305	-0.99997
0.792222	0.172243
1.18898	-0.397395
-0.159367	-0.887163
-0.58401	-1.08389
-1.18721	-0.16263
-1.10853	-1.17231
1.29405	0.31635
-0.114713	-0.829317
0.822236	-0.859157
0.463046	0.461616
-1.53092	0.393079
-0.673389	-0.683112
0.248753	-0.12776
0.213555	0.775852
-1.19504	-0.860371
-0.0853573	-0.476777
0.0213266	-0.0158813
-1.10718	-0.467115
0.393955	-0.8405
-0.0942362	-0.920803
0.090613	0.101328
0.479123	-1.28417
0.266055	-0.0635423
-1.38086	0.421491
0.277784	0.382649
-1.50295	-0.753538
-0.580728	0.7355
-1.36857	0.76137
-0.867115	0.94083
-0.815029	0.403701
-0.624304	-0.0264578
-0.548898	1.46286
0.524945	1.41358
-1.61321	0.111028
0.00320528	-0.886126
1.10843	-0.556361
-0.0361085	1.40787
0.287094	-0.107657
-0.819779	0.200814
-0.55822	-1.13285
0.33394	0.685772
1.62194	0.472817
0.319674	0.115591
-0.400778	0.359138
-0.321513	0.0329694
-0.296896	0.0477351
-0.145322	-1.09208
-0.682915	0.596945
-0.863071	-0.263515
-0.347138	-0.0803103
-1.04209	0.274857
-0.161104	-0.572072
0.0113943	0.263764
0.579628	0.747077
0.231631	1.0387
0.321352	-1.34631
-0.0227555	-0.756829
-0.491819	0.399212
-0.844226	0.12912
0.233724	-0.385341
-0.0355665	0.389304
-0.630735	0.318018
-0.618375	0.0598628
1.24079	-0.0676873
-0.111373	-0.364163
0.786693	1.22589
-0.113892	-0.0353465
-0.202208	0.710744
1.53555	0.24804
1.42114	-0.488313
1.15521	0.503225
0.299308	0.603833
1.09401	-0.713086
0.45469	-1.25816
-0.0569376	0.487783
0.371315	0.711459
0.681676	-0.685148
0.75168	-0.0298023
-0.385051	0.201629
-0.742118	1.07646
-0.855965	0.910693
0.294737	-0.763894
-0.694136	1.67384
0.253327	-0.379802
-1.05876	0.00208849
-0.720715	-0.186285
1.36549	0.834721
-0.992488	0.872601
1.08195	0.944391
1.05708	-0.0620031
-0.89231	1.18911
-0.272433	-0.10132
-1.29366	-0.416047
-1.13201	-0.538626
0.856325	0.185738
-0.133197	0.463616
-0.0330991	-0.81398
0.500719	1.37085
-0.501137	0.863183
-0.184681	-0.280516
-0.77375	-0.305159
-0.569159	0.318598
-0.333948	0.357685
-0.474346	-0.850823
-0.179931	0.276867
0.976728	-0.77429
-0.36377	0.729461
-0.7222	-0.0656063
0.796338	0.665132
-0.865743	0.0310625
0.332496	0.504218
0.638123	-1.19204
0.747488	-0.728372
0.938066	1.31423
-0.358156	-0.752375
-0.0771866	-0.0191974
-0.131378	-0.712618
-0.30094	0.33635
-0.459042	-0.454743
-0.0819379	-0.038959
-1.01542	0.336311
-1.20521	1.43874
0.0329961	-0.10182
0.00103344	-0.2178
-0.203261	-0.19852
-0.27661	0.651768
0.0841269	0.195149
0.31159	-1.85789
-0.0403576	0.394231
-0.281986	-0.197751
0.292699	-0.47525
-1.25614	-0.478531
-0.217422	-1.09311
0.175157	-0.0233712
-1.10451	-1.32438
-1.21728	-0.285167
-0.271874	0.0601295
0.795609	0.387832
-0.921298	-0.0590058
-0.972473	0.125894
0.0138869	-0.253505
0.171143	-0.555414
-0.129338	0.208186
0.943948	-0.922037
1.81246	1.84976
-1.02966	-0.394714
1.97655	-0.158397
0.0931973	1.87024
0.364565	-0.089335
0.546409	0.622614
0.451085	0.571954
-0.0616845	0.402754
0.217162	-0.333882
-0.568736	-0.497779
0.96348	0.657919
-1.40023	0.5177
-0.522302	-1.17954
-1.4407	-0.597666
-0.958994	-0.919318
0.780091	0.482939
-0.41551	0.274679
0.985037	-0.175278
-0.97979	-0.92918
0.129547	0.147842
-0.52585	-1.05216
0.238303	0.707135
-0.764354	0.361001
-0.144512	-0.0269946
-0.469462	0.600383
1.34233	0.871223
-0.117495	1.11082
-0.668255	-0.352426
-1.12107	-0.343818
-0.218116	0.643848
-1.04774	-0.377986
-0.449634	-0.0516724
0.492359	-0.435075
1.51685	1.55811
1.08052	0.708308
0.322977	-0.968513
-0.0311875	-1.27964
0.50108	-1.38774
-0.703757	0.655991
0.356404	1.22516
1.62551	0.321201
0.782317	-0.616351
-0.20894	0.2956
-1.67636	-0.88925
-0.0810509	1.1319
-0.357197	0.401018
0.838662	-1.03324
-0.676568	0.123135
0.158594	-0.595631
-0.588052	0.376989
-0.174681	-0.744736
1.10073	-0.415128
2.57661	0.933206
0.293464	-0.630136
-0.690303	-0.0852913
0.819746	-1.52211
-0.567872	-0.559587
-0.763539	-0.842288
-0.607723	-0.349613
0.678177	0.439519
0.507967	-0.0574647
-0.0128042	-1.45677
0.833071	-0.186924
0.236691	-0.176402
0.507839	0.839714
0.1715	-0.809589
0.143359	0.121283
-0.708576	0.477657
1.06321	0.277765
0.346047	-0.374297
-1.4144	0.799986
-0.18108	0.93585
1.0664	0.490348
-0.40823	-0.539481
-1.88515	0.192976
-0.637999	0.0198058
-0.990133	-0.318941
-1.0477	1.25579
-0.0119105	0.873434
-1.51833	0.0283008
-0.0364087	-0.080285
0.177371	-0.110495
0.56846	-0.195992
0.0194089	-0.307735
0.596089	0.170009
-0.679949	-0.360403
-0.782652	-0.0460511
0.821282	-0.135171
-0.105947	0.0187906
-0.52944	0.543149
-0.86395	1.04435
0.726036	-0.407249
0.751355	-0.71828
-1.64005	-0.431345
0.0309336	0.50139
-0.673564	0.162344
-0.167639	-0.291013
-0.508322	0.27169
-0.139308	0.366257
0.97279	-0.767588
0.806599	0.156202
-0.27884	0.468877
-0.309813	0.456411
-0.792358	-1.03787
-0.732016	-0.0891022
0.0440885	-0.376435
-0.59534	0.415208
-0.776001	1.40702
0.494387	1.00155
0.369247	-0.63525
-0.250622	0.0285513
-0.0569096	0.0446948
-0.414405	1.36598
0.256131	-0.738781
-0.246465	0.377035
-0.774445	0.893396
1.0117	-0.702393
-0.825211	-0.285063
-0.0456273	0.83996
0.00995567	-0.931648
-0.15214	-2.13279
0.204371	-0.535107
-0.0997252	-1.60287
0.103111	-0.380517
0.813072	-0.392349
-0.656166	0.307361
-0.294905	0.0205834
-0.487914	0.685629
-1.10944	-1.16034
-0.0772968	-0.0233228
-0.241451	-0.311094
0.460521	-0.237633
0.293324	-0.863525
-0.484211	-1.02274
-0.418904	-0.336089
-0.251473	0.619363
0.215259	0.179237
0.276626	0.383788
0.66082	0.678565
-0.0987563	0.880362
-1.67531	-0.330974
-0.764625	-0.88272
-0.0585949	0.179612
1.13597	-0.0706243
0.572133	0.451899
-0.970455	0.269318
-0.741171	1.25139
1.13784	-0.0860016
0.342197	-0.347321
1.05497	1.16307
0.171316	0.319181
0.468249	1.04559
-0.314244	0.813408
0.594179	0.498887
0.00843391	-0.557766
-0.942799	-0.421546
0.385229	0.236769
-0.0417275	0.605134
0.163857	-0.504605
0.533386	0.0252493
0.629699	-1.34133
-0.221913	0.0605376
-0.441921	-0.550017
-1.20622	0.0279168
0.264861	-1.48431
0.214281	0.0207472
-0.292858	1.01553
0.832142	0.546288
1.72329	-0.463136
0.573571	-0.428457
-0.0276652	0.548296
0.207211	-0.59926
-0.348774	-0.657559
-0.415925	-0.358126
0.424059	-0.116694
0.724165	-0.344408
0.763583	-0.115286
0.828182	-0.127696
-0.548475	1.40522
0.114563	-0.640122
-1.76865	0.649631
-0.107378	-0.752254
0.682147	0.678895
1.60827	-0.819727
0.532306	-0.159526
0.598362	-1.65518
-0.463923	-0.61507
0.173742	-0.738798
0.158756	-0.668514
0.593247	0.461803
0.538824	-0.19884
-0.824968	0.138903
-0.273081	-0.0189153
1.17797	0.931536
0.733783	-0.779453
0.223761	-0.0959552
0.54984	0.080669
0.360742	1.36769
-0.230174	0.380464
-1.48841	0.808697
-0.455126	-0.459541
-0.32308	-0.138296
0.351359	0.152467
0.184061	0.115668
0.53079	-0.388117
1.85663	-0.603634
-0.387665	-1.74376
0.441686	0.610117
1.66378	-0.399286
0.674602	-1.00002
-1.15699	0.836921
0.758476	-0.527778
-0.0213106	0.115115
-0.139302	-0.489783
0.748401	-0.146365
0.294898	-0.889408
0.333559	-0.581572
-0.687829	0.381812
-0.46878	0.888465
-0.0535002	-0.192684
0.560862	0.134555
-0.604765	-0.445434
0.0925841	0.365435
0.0859862	-1.65128
0.184924	2.47983
-0.275004	0.346923
-1.35785	-0.511675
-0.513985	-0.779476
0.424008	0.0237501
-0.157011	0.127384
0.586903	0.959535
0.0476869	-0.605923
0.553329	1.05634
0.142993	1.01656
0.731554	-0.517463
0.323209	-0.20806
-0.191491	-0.0747619
-0.961721	1.81679
1.08877	-0.620011
-0.208865	0.151101
-0.700288	-0.166461
0.215267	-0.354192
-0.29946	-0.317518
0.511142	-0.0234523
0.127893	0.642367
-1.08785	0.0989897
0.521221	0.223669
0.0875481	-0.650404
0.206476	0.123234
0.200968	0.261492
1.09852	-1.21246
0.555119	-0.0647349
0.0434607	0.456021
-0.45871	0.530007
0.116462	0.629354
-1.50161	0.501489
-0.401174	-0.59323
-0.692134	0.0960778
-0.693375	-0.601345
-0.0622811	-0.359243
1.11875	-0.425961
0.386008	1.1913
-1.51365	0.929206
0.56187	-1.05562
0.569201	0.168075
0.630406	1.21939
0.0832235	-0.119749
0.455829	0.588867
0.189688	-0.323757
-0.524859	-0.221674
-0.826855	-0.837057
1.00841	0.0574195
-0.619389	0.275906
0.346067	0.276387
0.00413003	-0.682779
-0.954132	0.219171
0.54243	-1.04071
0.665004	-0.77724
1.20924	0.721905
-0.0120775	1.16301
1.4047	0.993074
0.251834	0.277563
0.372982	-0.797894
-0.167667	-0.365274
-0.220907	0.402473
-1.53224	0.0503766
0.6337	0.0189114
0.571051	-0.706925
-0.352473	0.226483
0.519632	0.297225
-0.809457	1.02007
1.91329	1.06855
-0.910604	0.32509
-0.221289	-0.351872
0.0232418	0.224234
-1.23272	-0.273384
0.863639	-1.01148
0.458793	0.284675
0.296745	1.57464
0.115849	0.596766
-0.313685	0.680689
-0.539711	-0.284237
-0.543895	0.519206
0.326188	0.249748
-0.131455	0.174817
0.882263	1.13856
0.802369	0.547926
-1.00922	0.427607
0.636935	-0.252576
0.879718	0.308872
-1.21857	-0.289827
-0.495511	0.215349
-1.55388	0.154809
0.904464	-0.16397
0.719912	0.0314591
0.603392	-0.322429
-2.28982	0.322524
-0.749211	0.908588
0.732304	0.297004
-0.274802	-0.910127
-0.777036	-0.264544
0.905042	-0.0335912
-0.51424	-0.276728
0.40209	-0.0574633
-0.587571	0.402448
0.356278	0.119623
0.88633	-0.344024
-0.0833179	0.134354
-0.563652	-0.673026
-0.282891	-0.195433
0.284745	-0.55274
-0.373442	0.0781709
-1.0116	0.628793
1.06138	0.976055
-0.0447538	0.453586
-0.210737	-0.026328
0.65249	-0.705651
0.209103	1.06292
0.394757	-0.224575
-0.57344	-0.187745
-0.0109186	-2.38677
0.577606	0.0979744
-1.49833	0.552864
1.13064	0.739544
-0.297465	-0.106087
1.32307	-0.877905
0.39858	-0.313614
0.0582306	-0.378144
0.649212	0.032352
0.217224	-0.275106
0.491403	-0.0125578
-1.06385	0.796716
-0.821163	0.284486
0.426616	-0.336954
-0.666949	-0.227303
0.363002	0.25203
0.705691	0.668776
0.45421	0.206354
1.00368	-0.901614
-0.681332	-0.877325
0.377992	-0.697298
0.0932186	0.204327
-0.66548	-0.756409
0.849721	0.631979
-0.454967	-0.0193859
0.931918	0.409757
-0.999625	0.342638
0.533158	-1.08247
-0.148712	0.237591
0.629794	-0.969622
0.155205	-0.406409
0.995854	-0.046418
-0.118471	-1.33897
-0.40234	0.160067
-1.16547	0.128109
-0.598418	0.562816
0.746227	-0.242374
-0.0972929	-0.0712093
0.170852	0.792562
-0.620881	0.480826
-0.725689	0.665489
-0.180719	0.166727
0.403825	-0.205508
-0.262952	-0.0305644
0.430673	-0.117604
0.387271	0.257707
0.267708	-0.133836
-1.24147	-0.18735
0.12302	0.929743
0.436199	1.1941
0.076186	-1.31068
-0.154216	-0.418196
-0.74856	-0.865569
-0.780052	-0.308634
0.680774	-1.09096
0.62349	-0.27538
-0.40274	-0.29672
0.611883	-0.162217
-1.8677	0.0130754
0.0315208	-0.492797
0.178966	0.309384
-0.482662	0.971303
0.826674	-0.0222094
0.40913	0.602527
0.414726	-0.788375
0.195208	0.68659
-1.19547	-0.46126
-0.46077	0.0378683
0.795051	1.11967
0.170298	0.0866494
1.23008	0.952902
0.836755	0.953337
-0.535677	-0.72562
1.01559	1.01621
0.152612	-0.488431
0.411872	-0.358607
-0.770422	0.365907
-0.670292	0.325657
0.279376	-0.406996
0.51915	0.386018
0.884135	0.198699
-0.728592	0.649349
0.449881	-0.0598191
0.720458	-0.169979
-0.362396	-0.0884762
0.260898	1.48002
0.027577	-0.769415
1.8561	-0.434051
0.161223	-0.582198
0.579961	-0.694339
0.306298	0.0710417
-0.370276	0.86209
-0.21151	-1.02664
-0.610599	1.20429
0.262975	0.482789
-0.858143	0.101874
0.415954	-0.734951
0.811515	-0.42731
1.17755	0.768744
-0.669956	-0.782348
-0.998669	-0.931888
0.156542	0.614875
0.546129	1.21176
-0.682343	0.810317
-0.689315	0.198536
-1.08431	-0.376709
0.205426	-1.11998
0.470977	-0.477668
-0.320858	0.464738
0.705909	-0.0900969
0.106384	-1.54594
0.836755	-0.530575
-0.00725	-0.815174
0.773337	0.529367
0.758774	0.710959
-0.175623	-2.61108
-0.998828	0.226822
0.101046	0.605637
0.293801	-0.770721
1.0926	0.506323
0.699032	-0.775934
1.57948	-0.60399
0.456082	0.490758
0.899794	0.571747
0.15664	0.548332
0.568882	-0.635219
0.513051	-0.51876
-0.178176	-0.0512061
0.35686	0.63247
-0.174831	0.2112
0.604779	0.122204
1.49445	0.427853
-0.240379	0.519228
-0.928122	-0.444084
1.56271	-0.574253
0.119074	0.679385
-0.753898	1.70861
-0.534154	-0.472846
-0.249623	-0.329504
0.0726693	-0.776161
-1.44626	-0.233839
-0.482984	-0.780944
-1.35592	0.477636
0.00715277	1.39699
-0.378645	0.400227
-0.50617	-0.347289
0.223167	0.688548
-0.440735	-1.0936
0.323556	0.228785
-0.253356	-0.14463
0.210327	-0.109687
0.358818	-0.396172
0.0419169	0.85879
1.33668	-0.256815
-0.657601	1.40738
0.246822	-0.397623
0.0041076	0.536417
-0.774824	0.813695
-0.134582	0.367285
-0.222554	0.190296
-1.06506	1.50046
1.39539	0.129955
0.126032	0.419134
2.13764	-1.1385
0.198646	0.356432
0.254442	-0.433212
1.54311	-1.47718
-0.909851	0.133044
-0.639242	0.476177
-0.35611	0.356116
-0.0029377	-0.0575915
-1.02635	-0.240726
-0.0350697	-0.243913
-0.599443	-0.306163
0.899649	0.199865
-1.49151	0.0967812
-0.675826	-0.184043
-0.346577	-1.26833
-0.95815	-0.823235
-0.690108	0.0273859
-1.15935	0.754003
0.30658	-1.2046
0.931836	-0.514615
-1.43544	-0.530928
-0.924737	-0.029521
-0.654656	-0.351251
-0.163459	0.52363
0.612633	-0.518896
-1.22421	1.0631
0.408376	0.384852
-0.0251687	1.16338
-1.49479	-1.27745
-0.33369	-0.33905
0.905013	0.367274
-0.162047	-1.00848
-0.373563	-1.55535
0.592574	-0.125229
-0.641781	0.123063
-0.480075	0.704587
-1.59289	0.0722124
0.833338	-0.872979
-0.32213	-0.706925
0.0734101	0.915823
-0.390424	0.0950474
-0.521608	0.192881
-0.962592	-1.13274
0.150411	0.353574
0.946334	-0.666663
0.277696	0.155266
-0.0637012	-0.595667
-0.230942	-0.432107
0.194064	-0.484646
0.556415	-0.59871
-0.0992697	-0.0148466
0.488134	1.14029
-0.400307	0.837606
-0.033038	-0.154661
-0.389323	-0.206398
0.0673839	-0.202985
-0.201532	1.40044
1.07845	0.275907
0.769059	0.271845
0.353118	-0.198487
0.064744	-0.68078
0.0948995	0.203601
-1.44193	0.529234
0.826881	0.474269
-0.219525	-0.799606
0.179788	-0.317215
-0.7947	-0.42497
-0.497724	0.512412
-1.01603	-0.872025
0.235845	-1.37345
-1.40498	0.9072
1.5517	0.234663
-0.070977	1.11636
0.123234	0.755335
-0.411316	0.498122
-1.35894	0.528227
0.373678	-0.188994
-1.05206	-0.183512
-0.376337	1.85292
0.0361589	0.185887
0.648486	0.300878
-0.294894	0.219051
0.388873	0.759773
-0.131415	1.24127
-0.0363886	-0.544678
-0.0869065	-0.94437
0.282526	-0.664213
-1.68996	-1.03337
0.583696	1.48224
-0.989031	0.15302
0.251293	-0.662065
-0.061822	0.817926
-1.03135	0.0449793
-0.984649	-1.22408
0.828774	0.515552
-0.499735	0.984485
1.10249	-0.433841
-0.599434	-0.329383
0.664322	-0.543245
0.412214	0.668254
0.870866	0.0803596
0.872282	0.0157406
-0.922593	0.624681
-0.250147	0.0636176
-0.253235	0.42767
0.258212	-0.517797
-0.397015	-1.27356
-0.307961	-0.143956
-1.47128	0.040475
-0.0842236	0.142745
0.0813529	0.720548
0.711038	-0.216118
1.09983	-0.164553
-0.544779	0.262264
0.265305	0.156918
0.467421	0.239296
0.565011	0.153684
-0.097707	0.827941
-0.703696	-0.0753311
-0.644561	0.707162
0.536353	0.00514259
0.996135	-0.126178
-0.82981	-0.403764
0.189694	0.935129
1.04903	-0.342779
-0.508791	0.772315
-0.395358	-0.745072
-0.475319	1.2156
-0.765829	-0.867252
0.712275	0.562104
-1.5358	0.17435
0.146095	0.0266757
0.377411	0.753014
0.399654	-0.500782
-0.581624	0.88229
0.468594	0.425304
1.30097	0.3675
0.780431	-0.607309
-0.294718	0.265069
0.641276	0.570966
-0.407471	-0.56821
1.32359	-1.68671
0.559361	-1.76573
0.0848263	0.110567
-0.119648	0.175585
-0.108972	-0.144015
-1.23307	-0.246658
-0.0904731	0.120504
1.05695	-0.538715
-0.330498	0.66792
-0.122407	-0.88629
-0.703625	-1.05257
0.275194	-0.896389
-0.053976	-0.277471
-0.948733	-0.866634
-1.49932	-0.240813
-0.605906	-0.667039
-0.544562	0.349924
0.338291	0.539377
0.314965	0.756841
0.488733	-0.487952
-0.103437	-1.43095
0.915149	0.966058
-1.11175	-1.07587
-0.741884	0.833886
0.618385	-0.0447036
0.125568	0.577844
-1.01106	-0.617017
-0.574867	1.00594
-0.0864182	-0.0972083
0.216463	-0.659264
0.295035	-0.464173
-0.719541	-0.26416
-0.106774	1.09757
-0.959905	-0.749339
-0.282679	0.123608
0.789952	-0.925562
-0.394448	1.02012
0.321787	0.683011
0.267178	0.306682
0.345805	0.930962
-0.531693	0.0677289
0.251472	0.758918
0.448993	0.126837
-0.452694	-0.0340673
-0.234212	-0.942183
0.153792	0.349178
-1.53586	0.754755
0.312584	0.362726
-1.1804	-0.440299
-0.225963	0.445063
-0.924935	-0.313032
0.824716	-0.252624
0.499268	0.924373
-0.668875	0.912935
-0.0146139	-0.644556
1.08893	-0.24544
0.0739828	-0.340954
-0.441316	0.522778
0.703755	-0.73815
0.221062	-0.835606
0.0759906	-0.012376
-0.0687061	1.10359
-0.837581	-0.648
-1.34708	1.01251
-0.540904	-0.833625
-1.40006	0.395157
-0.525646	-0.286238
0.297628	-0.0174669
0.392414	0.248677
0.26011	-0.400066
-1.25769	-1.06026
-1.1735	-1.24434
0.181936	1.00152
-0.297365	-0.797652
-0.028123	1.54104
0.31002	0.0195223
0.933244	0.0519026
-0.150643	0.0537553
0.116296	0.511073
-1.1142	0.246538
1.29788	-0.56904
1.46246	0.114052
1.10856	0.262069
0.399007	-0.367074
0.407672	-0.229382
0.220406	-0.30059
0.695469	-0.407636
0.0879078	-0.236884
0.963503	-1.0979
0.635283	-0.380645
0.618085	-0.829154
1.04047	0.639524
-0.694643	-0.161681
-0.152867	-0.873318
0.605953	0.116222
0.408827	-0.314485
-0.633109	0.0130826
-0.171549	-0.0149543
-0.297081	0.0537699
0.0458292	-0.808675
0.133134	0.0167525
0.242416	-0.000498424
0.917673	0.125406
0.082614	0.543373
0.367109	-0.121928
0.017913	-0.615756
0.0426081	0.477127
0.0627162	0.632359
0.111942	0.400108
1.0064	-0.486073
-0.175438	1.52971
-0.396126	2.09233
1.52135	0.303437
-0.303428	0.50369
0.0863656	0.476422
-0.620125	-0.397938
-0.230696	0.126161
1.45888	-0.421589
0.419257	-0.0254606
-0.572016	0.958951
0.341251	-0.39528
-0.487472	0.00614558
0.583858	-0.0476146
0.625109	-0.264778
1.65145	0.347924
0.863776	0.225247
-0.108099	0.0313619
-0.270024	0.519936
-0.874175	0.74646
0.517315	-0.600455
-0.379226	-0.645844
1.07191	0.477551
-1.23297	0.140724
1.18667	-0.167765
0.0358526	-0.976497
0.0147104	-0.836313
0.0894617	0.18136
-0.687791	0.431033
-1.06501	0.283071
1.37053	0.265373
-1.57383	0.562139
-0.212944	1.08911
0.66355	-0.0894728
-1.01996	0.0690284
-0.657507	-0.407912
-0.398698	-0.40661
0.00762632	0.495213
-0.864127	-0.203286
0.935647	0.876407
0.0144313	-0.281987
0.488913	-0.655598
0.165133	0.0161502
-0.397357	-0.553833
-0.162776	-0.592253
-0.680623	0.108337
0.160464	-0.919245
1.1357	0.662479
0.22808	0.064729
0.0643017	0.615587
-0.351178	-0.479065
-1.46097	0.608745
-0.764921	-0.618259
0.73601	0.0877786
0.268249	0.505461
0.0699645	-0.334269
0.926852	-1.84291
-0.202108	0.645559
0.214074	1.13691
0.147637	0.0375948
-0.328457	0.440844
-0.382336	0.265158
0.914933	-0.614914
0.255666	-1.2053
0.207952	-0.2241
-0.224231	-0.233724
0.27486	-0.231408
0.18826	0.182511
-0.684973	-0.954899
-0.749426	-0.393939
0.00243219	-0.224949
-0.0875944	-0.660466
1.12236	1.73825
-1.06398	0.431293
-0.987291	0.420795
1.04273	0.0593749
0.0222202	0.524444
-0.405228	0.923464
-0.432816	-0.21037
-0.830332	-0.0334187
-0.574043	-0.0184431
-0.760277	-0.0414953
-0.807005	-0.688035
-2.167	0.705953
-0.403929	-1.1445
0.884312	0.621525
0.449571	-0.260128
1.9136	-0.314531
-0.854388	0.665716
0.093019	-0.825547
-0.832006	0.637514
-0.0852165	-0.366169
0.416533	0.211235
0.86768	-0.0536929
-1.06434	-0.119456
0.0976118	-0.187007
-0.702214	0.25762
-1.63061	1.1671
0.314895	-0.456642
0.135527	0.403392
1.19618	-0.556685
1.29242	-0.781753
-0.997194	0.47143
0.011253	-0.0395123
0.508689	0.104364
0.0218414	0.0535322
0.246984	-0.235049
-0.098569	-0.627097
-0.1675	0.313327
-0.893224	-0.609865
-0.681451	-0.83649
0.326325	0.654344
0.580169	0.0375777
0.00778539	-1.54809
0.3476	-1.39743
-0.897791	-0.190694
0.369256	0.269115
-0.229438	0.170875
-1.02528	-0.16529
-0.418236	-0.783379
-0.148198	-0.120888
0.247259	-1.07331
0.0366359	0.956825
1.44602	-0.318689
-0.297254	-1.22449
0.302835	1.09659
0.555749	-0.602289
-0.28625	-0.138508
0.245957	1.2281
-1.3264	0.115562
-0.355776	-0.125711
1.01484	-0.704367
-0.26572	-1.16794
0.732405	0.994994
-0.701812	-0.409949
0.0835859	0.282074
1.83944	0.35958
0.014896	0.478128
0.339237	-0.150688
0.706109	0.164311
-0.365361	-0.821562
1.03022	-0.18762
0.224144	-0.628546
-1.47587	0.409549
0.534027	-0.0869502
-0.456619	-1.28997
-0.245517	0.575729
0.0808745	0.57982
-0.259116	-0.848868
0.832406	-0.810636
0.672812	-0.177457
-1.50037	1.33778
-0.46038	-0.943091
-0.329236	0.566257
0.263588	1.29606
0.879403	0.574339
-0.744891	-1.01933
0.779444	-0.255698
0.2008	0.903571
-0.85718	-0.0699591
0.672175	0.444345
-0.918468	0.148078
0.301352	-0.861774
-0.635362	-0.267407
-0.731479	-1.0134
-1.71194	0.960076
-0.660407	0.179998
-0.0297239	-0.519674
0.453056	0.050443
-0.279524	-0.134176
0.0042266	-0.610109
-0.193068	0.655106
-0.441012	0.0289143
0.384041	0.386335
-0.75832	0.18377
1.33272	0.301454
-0.577903	-0.110185
0.556437	-1.15718
-1.22926	1.96305
-0.137449	0.741993
0.687823	-0.591735
1.49384	-0.428096
0.373411	0.246358
0.359269	0.277097
1.26165	1.13368
-0.695038	-1.06256
0.726079	1.60778
0.728723	-0.547962
0.127898	1.46531
0.89717	-0.497929
-0.684152	0.569239
0.722343	-0.0450472
1.06978	0.0552008
0.0392637	0.636405
-0.758591	0.485115
-0.126509	0.229536
0.423269	-0.546053
-1.01897	0.728161
0.271457	0.101684
-1.02567	-0.564621
-1.05495	-0.237257
1.17957	0.889229
-0.181631	0.502061
0.267992	-0.107242
-0.159691	0.43852
-0.757797	-1.06453
1.04776	0.586136
-0.466185	-1.04557
0.751052	-0.870546
0.94605	0.930451
0.427212	-0.0735414
-0.521518	0.768354
0.881141	0.485867
0.0492902	0.230674
0.411352	-0.309094
0.781168	0.111314
-0.0840714	0.453126
-0.115356	-0.524473
-0.266227	-1.17875
-0.120393	-0.0818831
0.765031	0.74584
0.117119	0.547447
0.278709	-0.602356
-0.280751	-0.210447
-0.10567	0.386783
0.22484	-0.225859
-0.429483	1.77271
0.166679	1.74583
-1.16128	0.918444
1.07191	1.90044
-0.398966	-1.70116
0.115654	-0.596228
0.120388	0.471846
1.40155	-0.140875
0.686138	0.229177
-0.191966	0.413711
-0.23631	0.703822
0.0405157	0.631598
0.473356	0.303357
0.321656	0.614213
0.217638	0.741275
0.962658	0.828126
0.87774	-0.273342
0.421414	-0.375891
0.531271	-0.25628
-0.748042	-0.923066
-0.330476	-0.390867
-0.762434	0.170963
0.200176	1.32841
0.0269568	0.705401
0.0121651	-0.209893
-0.110028	1.04456
-0.699451	0.120497
-0.576024	-1.08849
-0.750488	0.856963
0.0863598	-0.977438
-0.400217	0.300132
-0.329058	-0.838878
1.52476	0.624958
-0.671293	-0.248648
0.129949	1.65795
0.0249717	-0.498061
0.0215554	-0.194414
-0.663402	0.569121
-0.687925	1.14566
2.34549	-1.04286
-0.24811	0.715241
-1.50824	0.214998
-1.0184	1.23405
-1.26741	-0.181483
-0.372501	-0.81746
0.54327	0.868462
0.459806	-0.870382
-0.742545	-0.405554
1.70953	-0.838581
-1.10221	-0.109402
0.0784501	-0.59026
0.220726	0.0638283
0.60728	-0.706618
-0.181454	1.42913
-0.198606	1.20472
-0.0131275	0.277974
1.59709	0.0479793
-0.55044	-0.374168
0.153134	-0.221339
-0.953631	-0.5328
1.24852	0.770576
0.0541331	0.170884
0.665341	-0.0409533
0.78984	0.1376
0.781456	0.751237
0.651542	-0.308465
1.17205	0.207091
0.218024	0.171337
0.72972	-0.146695
0.125064	0.342956
0.969911	-0.646646
-1.1582	-0.441016
-0.549171	-1.19138
0.243097	0.211043
-0.316215	0.0323349
-0.342233	0.542795
-1.37397	-1.70968
-0.979746	0.864208
0.54665	-0.100579
-0.301549	0.098346
-0.425427	0.577664
-0.587969	-0.981503
0.90827	1.34472
1.40123	0.206476
1.10823	-0.213497
-0.133879	0.0608626
0.279097	1.06593
-0.0292128	-0.803928
0.4035	0.812914
-0.23399	0.636745
0.709252	0.255842
-0.703494	0.846837
-0.24857	-0.961986
-0.0269652	-0.304385
-1.10696	1.38984
0.0609881	1.06063
0.4928	1.29844
0.506482	0.321797
-0.749406	-0.130338
0.42716	-1.23476
0.903633	-1.84698
-1.74091	0.519304
-1.242	0.64642
0.0737118	-1.83153
-0.475646	-0.343716
0.135788	0.446988
0.814473	-0.426555
-0.559468	-0.307247
-0.431287	-0.39
1.39749	-0.384811
0.0519197	-0.821712
-1.41624	-0.30473
0.419037	0.235153
-1.38461	-0.424756
0.29998	-0.482769
0.319621	0.68906
-0.157252	-0.44402
2.10138	-0.771114
-0.536309	-0.577162
-1.06616	0.15734
-0.191994	-0.153609
0.493145	-0.586709
-0.153876	0.0111034
-1.53444	-0.787325
-0.67227	-0.214614
-0.000702736	-0.511118
1.92347	0.608077
0.269115	-1.13827
0.909996	0.0369136
0.310486	-0.930225
-0.765844	-1.0182
0.453155	0.197202
0.205017	0.475115
0.530194	-0.322392
0.30439	-0.196557
-0.505189	0.42834
-0.326155	1.35707
0.825842	-0.436099
0.392348	1.01355
0.252331	0.585234
-1.00427	0.21727
1.40717	0.966118
0.619893	1.0085
-0.33121	-0.298911
-0.487423	-0.559494
-0.300862	1.3993
0.307493	0.538071
0.457663	0.0913707
-1.25012	-0.242777
0.0393546	-0.122236
0.206991	1.84431
-0.359572	0.0973507
-0.13106	-0.4341
-0.0769439	0.618673
-0.0168377	-0.741286
0.0172735	0.373844
-0.221963	0.118101
0.593629	-0.529983
-0.749383	-0.194709
-0.964094	-0.685854
-0.757599	-0.207647
1.44621	0.496837
-1.52686	-0.248116
0.028665	0.965559
-0.184823	-0.456071
-0.735502	-0.150712
0.690239	-0.78271
-0.173096	-0.616872
-1.18101	-0.292605
0.432482	0.249263
-0.0494382	-1.34044
-0.615292	-0.333765
-0.524655	0.477819
-0.659476	-0.0588355
0.980242	-0.210845
1.07109	-0.383224
-0.206945	0.522144
1.01333	-0.275386
-0.862548	-0.766302
0.740492	-0.714216
0.303087	1.07674
1.37045	-0.10754
0.675477	-0.353283
-0.238211	0.467231
-1.34288	-1.34815
0.55147	-0.539819
0.889503	-0.0421685
1.11691	0.368805
0.530739	-0.101219
0.65029	0.316365
0.700209	0.324705
0.394755	0.341877
-0.117557	-0.071656
0.632028	-1.42265
0.231242	0.123416
-1.36795	0.545048
0.313525	-0.0259326
0.109786	0.114833
0.0209414	-0.132357
0.390019	1.32723
-0.384535	0.718104
-0.617432	0.710107
1.00593	0.576355
-0.153981	-1.3704
0.959031	0.54534
0.457473	-0.572709
-0.235866	0.233724
-0.419097	-1.15764
0.48238	0.234257
0.582436	0.886784
0.592467	0.579464
0.33731	-0.62278
0.446214	1.96488
-0.406983	0.50893
-0.105178	-0.732272
0.135933	1.12445
-0.223285	0.362526
-0.343108	0.359862
0.421042	-0.0301198
-0.299381	-0.206479
-0.937914	0.154064
-0.0362638	-0.85907
0.0827462	-0.408398
1.19148	-0.55311
0.399194	-1.24179
-1.03139	1.58247
0.647231	-0.696184
-0.797205	1.27834
-0.555048	-0.723048
-0.65383	-0.702343
0.855844	0.81949
-0.133218	0.634195
-0.950479	-1.1558
0.22521	0.323847
1.2672	-0.997584
0.476867	0.987692
-0.513402	-0.743778
-2.03049	-0.56592
0.274891	-0.511217
0.467824	0.179527
0.920548	-0.432726
0.0875565	-1.28094
-0.80384	-0.541874
-0.0807973	0.470991
1.06894	-0.63498
-0.273653	-0.325188
0.1573	0.590624
0.440394	0.253436
-0.117765	-1.09839
-1.69937	-0.609883
-1.07807	0.710921
-0.759373	-0.302576
-0.44921	0.531893
0.543305	0.137988
0.0674156	0.0137361
0.364333	0.297477
-0.945469	-0.00594311
-0.573558	-0.62747
-1.36697	-0.142109
-0.623813	0.74207
-0.0838243	-0.393966
-0.646003	-0.161928
0.485057	0.0987237
0.11712	0.927245
-0.528374	1.49418
-0.572704	1.0064
1.06884	-0.218618
-0.725817	0.617072
-0.128514	-1.55261
0.479735	-1.29881
1.29175	0.11037
0.865958	-0.968195
-0.438493	-0.190179
0.390368	-0.428524
0.450385	0.182265
-0.48627	0.40067
-0.00764441	-0.266449
-0.437875	-0.368317
-0.58043	0.886264
-1.25292	-0.171728
0.132438	-1.06149
-0.277057	-0.606401
0.57015	-0.462616
-0.760098	-0.549802
0.990092	-1.33554
-1.49324	-1.47485
1.43244	0.0788796
-1.27448	0.0630104
0.394963	0.903969
-0.213897	0.108037
0.549447	0.410338
-0.735786	0.477096
0.556206	-0.0173023
-0.747397	0.908446
-0.363644	0.18749
0.237904	-0.553719
-0.188028	0.453171
-1.15183	0.938049
-1.30628	1.37715
-0.927363	-0.919431
-0.0728443	0.617614
1.02341	-1.13726
-0.693116	0.578221
-0.646074	0.035221
1.47697	0.00598701
0.715735	0.485971
-0.53403	-0.432488
-0.00735724	0.336629
0.552837	0.373595
0.496897	0.103485
-0.697972	1.23751
-0.558533	0.447387
-0.462508	-0.31746
0.581964	-0.22184
0.464632	-1.87839
0.0652205	-0.663421
-1.11264	-0.221036
0.0746932	0.148946
0.389282	1.15283
0.150477	0.0033028
1.17322	-0.255185
0.991926	-0.236497
0.67423	-0.29989
0.544629	-0.26598
0.185702	-0.934836
0.912511	-0.110785
0.689687	-0.875671
-0.110973	-0.930188
0.875654	0.190221
-0.319245	0.42812
-0.680337	-1.10722
-0.470306	-0.340302
-0.68348	-0.0538632
0.165376	0.388928
-0.0221685	0.79732
0.504938	0.830499
-0.15385	1.12183
-0.857028	0.123481
-0.201584	0.105386
-1.17453	-0.924818
-0.219127	1.00508
-0.0819876	-0.200996
0.417665	-0.204119
1.12074	-0.0919788
0.643457	1.43839
-0.362428	-0.0169019
0.676873	-1.09104
0.615869	0.374414
0.653609	0.0127915
-0.0610742	-0.0273146
0.206503	-0.430886
0.683602	-0.540716
1.1015	0.435175
0.305948	-0.0212807
-1.08314	0.647194
-0.489551	-0.834572
0.769536	0.184114
0.229709	-1.23843
-0.170695	-0.183974
0.231251	-1.06615
-0.632908	1.19757
-0.793968	-0.22976
0.716677	0.527122
0.435026	1.39869
-0.112371	0.54749
-0.649012	-0.710375
0.142609	-0.229899
0.693598	-0.118751
0.268839	-1.0644
0.197886	-0.358249
0.97052	0.525322
-0.121362	-1.73654
0.854349	1.16322
0.708268	-0.788048
-0.0731509	-0.935071
-0.65322	0.9889
-0.531312	-0.406091
0.955595	-0.460521
1.17712	0.33264
-0.604734	0.0505866
-0.331144	0.778516
-0.78272	1.23
1.3423	-0.0412992
0.0864557	0.212969
0.0522114	0.487191
1.88906	-0.109777
0.921311	-0.0885003
0.622196	0.889458
-0.446325	0.598658
-0.175523	0.413343
1.55261	0.127802
0.410912	0.143954
-0.211298	-0.34194
0.530508	-0.573645
-0.354653	0.178408
0.682346	-1.03142
0.00184513	-0.602018
0.345922	-0.53334
-0.537412	0.185463
-0.522003	0.876817
-0.587351	-0.588058
-0.634785	-0.757031
0.287676	0.0619085
0.882244	-0.963865
-0.855971	-1.30854
-0.84276	-0.590981
-0.381402	-0.124121
1.38011	0.830151
0.942682	-0.189584
-0.017929	0.161921
-0.320221	0.877208
1.05651	0.705515
0.28022	-0.749382
-0.858248	0.833709
0.0551062	0.432583
0.686275	-0.648662
-0.617795	-0.461781
-0.286893	1.09012
-0.677694	0.163596
-0.0880587	-0.32077
-0.497367	-0.302206
-0.14931	0.0983423
-0.710159	1.0071
-1.39337	0.452641
-0.283094	-0.092511
-0.540002	-0.229621
-1.04363	0.490077
0.0210234	0.37292
0.766915	-0.163178
0.457507	-1.01081
-0.383769	1.66307
-0.446217	0.373041
1.06023	-0.099726
-0.548526	-0.604427
0.0791599	0.667126
0.827306	0.182874
0.646765	0.474687
-1.72517	-0.743385
0.796883	0.296262
1.42003	-0.300889
-0.608709	0.1613
1.10643	-1.03947
0.46183	0.396079
0.105989	-1.14269
0.177893	-2.36764
1.54138	0.0783104
-0.595656	0.730647
0.328137	0.0285256
-0.374846	0.180197
-0.204412	1.61244
0.0462835	-1.09681
-0.800396	0.221552
0.511518	1.08703
0.229755	-0.82874
-0.0936105	-0.483659
0.611309	-1.11023
-0.0766319	0.123528
-0.806114	0.545302
-0.591083	0.510477
-0.861726	0.0798508
-0.159393	0.743303
-0.391678	-1.17678
-1.78712	0.0454513
0.919495	0.417191
0.915922	0.453461
0.683113	-0.581297
-0.485179	-0.716927
0.46313	0.391442
-0.934992	0.0280381
-0.636189	0.93454
0.311692	0.211746
0.304437	0.0170128
0.384271	-0.078474
0.382256	-0.546895
0.214922	-0.470966
0.644363	-0.578597
0.589808	-0.0443124
-0.195369	0.157997
0.225378	0.486957
-0.407391	-0.892252
0.635857	0.279224
-0.338223	0.165704
-0.372918	-0.4035
0.931361	0.146163
-0.82387	-0.552752
-0.556976	1.8681
-0.594289	0.00937081
-0.387052	1.04731
1.09053	0.414867
1.06614	0.313893
0.788189	-0.7925
0.169434	-1.03652
-0.589241	0.707268
0.494281	0.403871
-1.12498	-0.0179324
1.24349	-1.16267
0.434196	-0.0510548
-0.489193	-0.999816
0.676342	-0.283703
0.772959	0.954103
0.401776	0.0827039
-0.603986	-0.926989
1.16016	-0.816559
0.247979	0.412877
-0.195082	-1.3491
0.411754	-0.294226
-0.121561	-0.609051
-1.56365	-0.928734
0.145906	-0.0974325
1.22502	-0.0118287
1.19598	0.442306
0.396174	0.806257
-0.329739	0.282566
-0.900212	0.189751
-0.245645	0.220372
-0.883726	-0.430097
-1.21809	1.17309
-0.52508	0.460547
0.604134	1.09288
-0.594172	-0.27357
-1.34851	-0.0683384
-1.05315	-0.679222
0.81855	0.425874
-0.629299	0.958753
-0.371749	-0.603729
0.859165	0.124945
0.29989	-0.48012
1.54065	-0.87441
-0.438169	0.592202
-1.03426	-1.06016
0.552154	-0.493093
1.70278	-0.11283
0.16737	-0.059744
-1.07083	-0.268267
0.573295	1.06015
0.447468	0.323076
-0.58275	0.868728
0.0963116	-0.450041
-0.0859192	0.632207
1.03624	0.300188
1.19716	-0.584418
1.38421	0.760452
0.389004	0.331291
1.07051	-0.121891
0.384803	-0.302281
-0.122949	0.293144
0.0500971	0.172209
-0.259228	0.461892
-0.334775	0.090625
1.30681	0.0140394
-0.90055	0.0558825
0.514273	0.361468
0.194937	0.549309
-0.798153	0.734098
-0.141798	0.113566
0.404883	0.929642
1.12603	1.03532
0.494058	0.0166265
-0.369433	0.0600986
0.506592	0.201012
0.749272	-0.571135
0.207568	-0.589662
-0.998595	-0.536996
-0.867411	-0.570471
-1.07329	0.478456
0.590984	-0.567211
-1.58872	1.64416
0.0987231	0.0500755
-0.17909	0.19771
-0.452507	-1.19511
0.900982	0.165802
-0.359327	-0.567544
1.42648	0.898587
-0.0402498	0.550916
-0.65163	1.22593
0.950623	-0.945507
0.533439	-0.567755
-0.202771	-0.344474
0.576563	0.502647
-0.329504	-0.32361
-0.636772	0.570605
-0.821373	-0.168558
0.214754	0.0233058
-0.338393	-0.986869
-0.181859	0.329741
-0.449443	-0.651136
-0.958548	-0.438021
0.0754956	-0.286487
0.300656	0.578061
1.64783	-0.310891
-1.04619	-0.32422
0.25786	-0.927458
1.07699	-0.875518
-0.293554	-0.74093
0.91247	0.0498092
0.538513	-0.482889
1.72239	-0.539314
0.152534	-0.237025
0.35378	-1.2125
-0.975386	-0.299338
-0.307984	1.17728
-0.916967	0.10478
0.532749	-0.364098
-0.0995583	-0.424128
-0.371172	-1.7378
-2.02798	0.693166
-0.252823	-2.08135
-0.539611	-0.424643
-0.946891	-0.205856
0.124488	-0.157526
-0.274442	-0.012921
-0.0393643	0.193829
0.102682	0.977614
-0.896954	-0.100753
-0.327369	-0.844505
0.226681	-0.907937
-0.0802573	-0.307709
0.0652884	0.257314
0.31758	0.588525
0.19071	-0.394206
-0.66004	0.619836
0.832351	-0.0582071
-0.00575221	-0.24785
0.651026	-0.317999
-1.20147	0.300633
-1.47769	0.332928
0.153429	-0.849689
0.502915	0.25335
1.99795	-0.391577
0.522604	1.17653
0.943149	-0.63272
0.3941	0.920773
-0.0634269	0.46643
1.2779	-0.355844
-0.467697	-0.245045
0.3162	0.677114
-1.34233	0.174073
0.747686	0.856227
0.481395	0.507922
0.533924	-0.0328091
-0.936555	0.786549
0.0219436	1.84379
-0.43238	0.683821
-1.27947	-0.787597
0.110134	-0.581219
0.389287	-0.783239
-0.701349	0.911556
0.571959	-0.39225
-0.164872	0.821051
0.288783	0.905223
0.44207	0.338651
0.214185	0.796472
0.770629	0.742617
-0.479067	-0.101104
0.76287	0.206579
