#b 	 momk 	 DP 	 WW 	 DP error 	 WW error 
0	0	0.5096848887	0.9967390152	0.4999061941	0.0570118478
0.04419417382	0	1.067202121	1.461274906	-nan	-nan
0.08838834765	0	0.6805484394	0.9971884755	0.4662641537	0.052949219
0.1325825215	0	1.005170138	0.7920596233	-nan	0.4058339272
0.1767766953	0	1.726461929	1.650935431	-nan	-nan
0.2209708691	0	1.729275836	1.263247204	-nan	-nan
0.2651650429	0	1.323921942	1.210323353	-nan	-nan
0.3093592168	0	0.1867234075	0.3272953424	0.3896893334	0.4692260663
0.3535533906	0	-0.07723738005	0.08905594532	-nan	0.2848244792
0.3977475644	0	0.01488560604	-0.04903316077	0.1210951063	-nan
0.4419417382	0	-0.1619138548	-1.059509353	-nan	-nan
0.4861359121	0	-0.2026527393	-0.8642258212	-nan	-nan
0.5303300859	0	-0.5691960635	-0.7179531366	-nan	-nan
0.5745242597	0	-0.5454091905	-0.3709619698	-nan	-nan
0.6187184335	0	-0.4236597731	0.1115167756	-nan	0.314771003
0.6629126074	0	-0.8809561127	-0.3269647543	-nan	-nan
0.7071067812	0	-0.8425596396	-0.4614926879	-nan	-nan
0.751300955	0	-0.2651828475	-0.02004876058	-nan	-nan
0.7954951288	0	-0.1174289696	0.05764625211	-nan	0.2330732969
0.8396893027	0	0.03432588352	0.08568561552	0.182064871	0.2798992512
0.8838834765	0	-0.169897059	-0.04863371404	-nan	-nan
0.9280776503	0	-0.2329592303	-0.07179059393	-nan	-nan
0.9722718241	0	-0.3200169357	-0.1937840655	-nan	-nan
1.016465998	0	-0.2240243117	-0.1294943933	-nan	-nan
1.060660172	0	-0.04018028487	0.0006135265112	-nan	0.02476186779
1.104854346	0	0.008894312727	0.03911969472	0.09388931744	0.1938797158
1.149048519	0	0.04822333463	0.06264548331	0.2142378226	0.2423242182
1.193242693	0	0.07275940678	0.07348275343	0.2597411702	0.2609272665
1.237436867	0	0.07052068041	0.06611448597	0.2560224874	0.2484821135
1.281631041	0	0.08838303579	0.08119603229	0.283851149	0.2731359307
1.325825215	0	0.06774495519	0.05888692573	0.2513077321	0.2354129472
1.370019389	0	0.08726385551	0.08085349246	0.2822213228	0.2726099874
1.414213562	0	0.07772888178	0.07533439493	0.2677444728	0.2639301496
1.458407736	0	0.05908638906	0.05770663631	0.2357863178	0.2331878651
1.50260191	0	0.03735591801	0.03643732106	0.1896324165	0.1873756726
1.546796084	0	0.02959922747	0.02888774924	0.1694789462	0.1674910361
1.590990258	0	0.01705582816	0.01705114528	0.1294794458	0.1294619779
1.635184431	0	0.01296429382	0.01167021996	0.1131203823	0.1073965825
1.679378605	0	0.009588647441	0.008658836817	0.09745104043	0.09264913039
1.723572779	0	0.009198255015	0.008734846763	0.09546542368	0.0930513257
1.767766953	0	0.005142758295	0.00436103582	0.07152838829	0.06589398445
1.811961127	0	0.005808098714	0.005302030699	0.07598924071	0.07262175411
1.856155301	0	0.005296570713	0.004924940619	0.07258455105	0.07000489682
1.900349474	0	0.005425805916	0.005206001549	0.0734599656	0.07196456834
1.944543648	0	0.006145691935	0.005970212016	0.0781531983	0.07703615115
1.988737822	0	0.005580829033	0.005534886638	0.07449619708	0.07419064407
2.032931996	0	0.005510698875	0.005427550638	0.07402925822	0.0734717111
2.07712617	0	0.005084874173	0.00499512166	0.07112677574	0.0704994356
2.121320344	0	0.004623794476	0.004573438872	0.06784110112	0.06747238346
2.165514517	0	0.004040905345	0.004064342976	0.06343954941	0.06362251246
2.209708691	0	0.003881274377	0.003936508212	0.06217885562	0.06261798556
2.253902865	0	0.003429768754	0.003490730179	0.05846371046	0.05897919109
2.298097039	0	0.002622958961	0.002703015852	0.05114762015	0.05192022301
2.342291213	0	0.002092839401	0.002160215238	0.04569966547	0.04642788718
2.386485387	0	0.001601124973	0.001667292659	0.03998201311	0.04079844107
2.43067956	0	0.001193138241	0.001264209736	0.03452122047	0.03553324513
2.474873734	0	0.0008667518199	0.0009278353657	0.02942788747	0.03044625572
2.519067908	0	0.0007195498369	0.0007769893664	0.02681477363	0.02786369778
2.563262082	0	0.0005374038909	0.0005873626803	0.02317574352	0.02422844785
2.607456256	0	0.000468503758	0.0005203527025	0.02163987667	0.02280530499
2.651650429	0	0.0003725974739	0.0004115137062	0.01929918768	0.02028162623
2.695844603	0	0.0003626347425	0.0003958031499	0.01903951781	0.01989086448
2.740038777	0	0.0003411134563	0.0003645985993	0.01846610673	0.01909098392
2.784232951	0	0.0003713445515	0.0003944900391	0.01926672403	0.01985785529
2.828427125	0	0.0003907828972	0.0004051860597	0.01976436657	0.0201251555
2.872621299	0	0.0003709057421	0.0003826876849	0.01925534136	0.01955866138
2.916815472	0	0.0003757736068	0.0003826431259	0.01938123838	0.01955752311
2.961009646	0	0.000355221537	0.0003619094559	0.01884397396	0.01902047522
3.00520382	0	0.0003443135791	0.0003492200563	0.01855249383	0.01868416714
3.049397994	0	0.0003194673474	0.0003238693481	0.01787079428	0.01799345594
3.093592168	0	0.0002887406804	0.0002914721964	0.01698991787	0.01707006855
3.137786342	0	0.0002504843053	0.0002536653979	0.01582471368	0.01592485641
3.181980515	0	0.0002164399659	0.0002190259325	0.01471030658	0.01479790391
3.226174689	0	0.0001852713096	0.0001876107611	0.01361017943	0.01369582284
3.270368863	0	0.0001528846398	0.0001549337979	0.01236370762	0.01244627629
3.314563037	0	0.0001280046693	0.0001300056454	0.01131319071	0.01140126063
3.358757211	0	0.0001076563358	0.0001093817508	0.0103751986	0.01045800107
3.402951384	0	9.679860854e-05	9.838050129e-05	0.009838152193	0.009918206621
3.447145558	0	8.257867222e-05	8.387713237e-05	0.009086905578	0.009158061858
3.491339732	0	7.127257241e-05	7.236742965e-05	0.008442007618	0.008506597005
3.535533906	0	6.332886805e-05	6.415530132e-05	0.007957691719	0.008009443515
3.57972808	0	5.802668777e-05	5.874262328e-05	0.007617304029	0.007664148523
3.623922254	0	5.392530507e-05	5.448508612e-05	0.007343187124	0.007381200275
3.668116427	0	5.27522684e-05	5.318808636e-05	0.00726288411	0.00729282232
3.712310601	0	4.900233539e-05	4.933261966e-05	0.006999995297	0.007023545113
3.756504775	0	4.683012148e-05	4.707952836e-05	0.006843093483	0.006861290832
3.800698949	0	4.633298071e-05	4.650054968e-05	0.006806675691	0.006818972604
3.844893123	0	4.387541595e-05	4.399839874e-05	0.006623706734	0.006632982955
3.889087297	0	4.363949178e-05	4.372760612e-05	0.006605875216	0.006612540663
3.93328147	0	4.004372497e-05	4.010456417e-05	0.006327884439	0.00633268946
3.977475644	0	3.817683086e-05	3.82195732e-05	0.006178622289	0.006182079946
4.021669818	0	3.389370411e-05	3.392372056e-05	0.0058217313	0.00582430852
4.065863992	0	3.114286044e-05	3.115703406e-05	0.005580491965	0.005581761666
4.110058166	0	2.779636932e-05	2.780324653e-05	0.005272152946	0.00527280509
4.154252339	0	2.560839997e-05	2.561387865e-05	0.005060409487	0.005060950759
4.198446513	0	2.31221361e-05	2.31246016e-05	0.00480849264	0.004808748991
4.242640687	0	2.138619531e-05	2.138839835e-05	0.004624471639	0.004624709817
4.286834861	0	1.869751031e-05	1.869694251e-05	0.004324021359	0.004323955705
4.331029035	0	1.751285005e-05	1.751691689e-05	0.004184799081	0.004185284942
4.375223209	0	1.544401178e-05	1.544129005e-05	0.003929856647	0.003929510354
4.419417382	0	1.444671842e-05	1.445086335e-05	0.003800856444	0.003801401653
4.463611556	0	1.237563639e-05	1.237532776e-05	0.003517880502	0.003517836638
4.50780573	0	1.220841462e-05	1.221204599e-05	0.003494032853	0.003494552455
4.551999904	0	1.12182143e-05	1.121935426e-05	0.003349341495	0.003349511664
4.596194078	0	1.100433326e-05	1.101017992e-05	0.003317259737	0.00331814085
4.640388252	0	9.555307394e-06	9.561226272e-06	0.003091151256	0.00309210848
4.684582425	0	9.070977491e-06	9.080941884e-06	0.00301179269	0.003013446436
4.728776599	0	7.975945369e-06	7.985931981e-06	0.002824160363	0.002825927849
4.772970773	0	8.496279199e-06	8.510359178e-06	0.002914825383	0.002917239577
4.817164947	0	7.114957161e-06	7.129366082e-06	0.002667378214	0.002670077762
4.861359121	0	6.786965166e-06	6.805364137e-06	0.002605171607	0.002608700409
4.905553294	0	6.070749151e-06	6.088723217e-06	0.002463881551	0.002467526321
4.949747468	0	5.63056453e-06	5.651992809e-06	0.002372874381	0.0023773853
4.993941642	0	5.095779835e-06	5.116456363e-06	0.002257377653	0.002261952737
5.038135816	0	4.123751023e-06	4.14657393e-06	0.002030697914	0.002036309587
5.08232999	0	4.244273713e-06	4.266853846e-06	0.002060159144	0.00206563202
5.126524164	0	3.590382971e-06	3.614677499e-06	0.00189482719	0.001901227086
5.170718337	0	3.458655295e-06	3.482686542e-06	0.001859742814	0.001866192491
5.214912511	0	2.522760019e-06	2.547670789e-06	0.00158831787	0.001596140438
5.259106685	0	2.93564e-06	2.960452682e-06	0.001713368431	0.00172059406
5.303300859	0	2.04669919e-06	2.070525071e-06	0.001430627485	0.00143893043
5.347495033	0	2.576330882e-06	2.600133265e-06	0.00160509322	0.001612490776
5.391689207	0	2.013945064e-06	2.035451354e-06	0.001419133894	0.001426691
5.43588338	0	1.966644011e-06	1.986251504e-06	0.001402369474	0.001409342953
5.480077554	0	1.388451145e-06	1.403676728e-06	0.00117832475	0.001184767808
5.524271728	0	1.587725668e-06	1.599772544e-06	0.001260048867	0.001264820139
5.568465902	0	1.024335394e-06	1.032640266e-06	0.001012094039	0.001016188565
5.612660076	0	7.360092379e-07	7.411064546e-07	0.0008579094918	0.0008608750812

0	2.5	1.014685665	1.192777153	-nan	-nan
0.04419417382	2.5	0.9038782948	1.068291748	0.2947580754	-nan
0.08838834765	2.5	0.4680091856	0.625370481	0.4989755383	0.4840271093
0.1325825215	2.5	0.5633688846	0.6464528149	0.4959681285	0.4780706779
0.1767766953	2.5	0.9611782009	1.122802014	0.193170047	-nan
0.2209708691	2.5	0.7087073598	0.7083625234	0.4543580504	0.4545162911
0.2651650429	2.5	0.5872151731	0.6468842679	0.4923347576	0.4779382929
0.3093592168	2.5	0.3315145378	0.5287721344	0.4707575268	0.4991714778
0.3535533906	2.5	0.1519277927	0.4632236667	0.358950886	0.4986456671
0.3977475644	2.5	0.3064839942	0.4793182527	0.4610331393	0.4995720822
0.4419417382	2.5	-0.03732402506	-0.2495329845	-nan	-nan
0.4861359121	2.5	-0.1702569488	-0.399107021	-nan	-nan
0.5303300859	2.5	-0.1610254983	-0.1250560297	-nan	-nan
0.5745242597	2.5	0.01971734396	0.1174664976	0.1390272286	0.32197534
0.6187184335	2.5	0.03480044771	0.2887552584	0.1832740477	0.4531839131
0.6629126074	2.5	-0.2372018816	-0.06066227661	-nan	-nan
0.7071067812	2.5	-0.02097294705	0.1335091282	-nan	0.3401241552
0.751300955	2.5	0.2948284815	0.3601320014	0.4559656215	0.4800384807
0.7954951288	2.5	0.3389418983	0.3318781276	0.4733500691	0.4708874983
0.8396893027	2.5	0.3455904649	0.3129105158	0.4755604015	0.4636782558
0.8838834765	2.5	0.1295909805	0.116941124	0.3358528819	0.3213501167
0.9280776503	2.5	0.02658881698	0.046276611	0.1608783758	0.2100835221
0.9722718241	2.5	0.03124159787	0.03171581235	0.1739699987	0.1752424594
1.016465998	2.5	0.02429132984	0.04351474363	0.1539521391	0.204012771
1.060660172	2.5	0.09631821975	0.1231683788	0.2950271518	0.328630384
1.104854346	2.5	0.09938747982	0.1207388158	0.2991815647	0.3258235016
1.149048519	2.5	0.1350766651	0.1473990336	0.3418054412	0.354503256
1.193242693	2.5	0.1109988802	0.1180885238	0.3141307511	0.3227129132
1.237436867	2.5	0.09326847549	0.09940668573	0.2908082994	0.2992072803
1.281631041	2.5	0.08402391932	0.08831216319	0.2774236837	0.283748348
1.325825215	2.5	0.06626763833	0.07034354429	0.2487493486	0.2557251064
1.370019389	2.5	0.05884568127	0.06153179014	0.2353356477	0.2403032021
1.414213562	2.5	0.05076608916	0.05445654238	0.2195196878	0.2269163444
1.458407736	2.5	0.0377607341	0.04029081485	0.1906170534	0.1966404462
1.50260191	2.5	0.02972112856	0.03163139668	0.1698169104	0.1750167176
1.546796084	2.5	0.02518568368	0.026264787	0.156688752	0.1599216932
1.590990258	2.5	0.02200566551	0.02241365993	0.1467017934	0.1480246188
1.635184431	2.5	0.01826008542	0.01873401289	0.1338904578	0.1355841054
1.679378605	2.5	0.01458598749	0.01454687766	0.1198884334	0.1197299712
1.723572779	2.5	0.01037601602	0.01016886131	0.1013328886	0.100326744
1.767766953	2.5	0.008618346596	0.008439081324	0.09243414249	0.09147602544
1.811961127	2.5	0.006264056378	0.006092774465	0.07889751565	0.0778180735
1.856155301	2.5	0.005095082281	0.004949567269	0.07119776975	0.07017883622
1.900349474	2.5	0.00445526135	0.004326367692	0.06659888885	0.06563269181
1.944543648	2.5	0.003759482985	0.00362918749	0.06119925876	0.06013332261
1.988737822	2.5	0.003044660332	0.002978256989	0.05509437699	0.05449208176
2.032931996	2.5	0.00265074153	0.002603151034	0.05141707012	0.05095463314
2.07712617	2.5	0.00221705205	0.00217883658	0.04703335763	0.04662712999
2.121320344	2.5	0.001729361311	0.001711745888	0.04154961637	0.04133782547
2.165514517	2.5	0.001479300904	0.001465601569	0.03843322226	0.03825511183
2.209708691	2.5	0.001166096389	0.001169395573	0.0341282377	0.0341764259
2.253902865	2.5	0.0009351606133	0.0009440934834	0.03056609376	0.03071159668
2.298097039	2.5	0.0007392163539	0.0007522784157	0.02717848254	0.02741737575
2.342291213	2.5	0.0006274441465	0.0006378805484	0.02504097563	0.02524824067
2.386485387	2.5	0.0004980383729	0.0005094644216	0.02231121536	0.02256556819
2.43067956	2.5	0.0003828321679	0.0003967492002	0.01956235179	0.01991461248
2.474873734	2.5	0.0003480876824	0.0003605856666	0.01865386066	0.01898566945
2.519067908	2.5	0.0003121066978	0.0003215584673	0.01766378462	0.01792916806
2.563262082	2.5	0.0002879443826	0.0002941883574	0.0169664808	0.0171493968
2.607456256	2.5	0.0002563747752	0.0002608323512	0.01600965481	0.01614819859
2.651650429	2.5	0.0002338129658	0.00023684402	0.0152891562	0.0153879149
2.695844603	2.5	0.0001975858479	0.0001990234202	0.01405513457	0.01410616212
2.740038777	2.5	0.0001701272368	0.0001707993992	0.01304217365	0.01306790828
2.784232951	2.5	0.0001487233025	0.0001484940187	0.01219430949	0.0121849074
2.828427125	2.5	0.0001364102197	0.0001364408963	0.01167868195	0.01167999487
2.872621299	2.5	0.0001150235112	0.0001152670094	0.01072428463	0.01073562867
2.916815472	2.5	0.0001011057145	0.000101573363	0.01005462541	0.01007784927
2.961009646	2.5	8.332661558e-05	8.373216513e-05	0.009127961013	0.009150145029
3.00520382	2.5	7.252086207e-05	7.295453055e-05	0.008515609361	0.008541030862
3.049397994	2.5	6.013112902e-05	6.051046404e-05	0.00775419327	0.007778611863
3.093592168	2.5	5.288913206e-05	5.334331125e-05	0.007272299141	0.007303455739
3.137786342	2.5	4.507551722e-05	4.555489103e-05	0.006713678978	0.006749282613
3.181980515	2.5	3.956233863e-05	3.994067859e-05	0.006289735563	0.0063197376
3.226174689	2.5	3.196474485e-05	3.23949825e-05	0.005653646885	0.005691566837
3.270368863	2.5	2.476943896e-05	2.510415977e-05	0.004976828853	0.005010342259
3.314563037	2.5	1.996208078e-05	2.025558954e-05	0.004467849851	0.004500575435
3.358757211	2.5	1.431589222e-05	1.45450608e-05	0.003783607706	0.003813771
3.402951384	2.5	1.138724657e-05	1.159418135e-05	0.003374480241	0.00340500322
3.447145558	2.5	7.923965953e-06	8.071314444e-06	0.002814942835	0.002840994421
3.491339732	2.5	6.402676039e-06	6.540651286e-06	0.002530342871	0.00255746134
3.535533906	2.5	4.358543669e-06	4.480754025e-06	0.002087707995	0.002116774421
3.57972808	2.5	3.740145351e-06	3.826515905e-06	0.001933941923	0.001956144489
3.623922254	2.5	2.150350406e-06	2.215204699e-06	0.001466405736	0.001488354726
3.668116427	2.5	1.65967598e-06	1.715515985e-06	0.001288283054	0.001309775951
3.712310601	2.5	1.196713158e-06	1.24207929e-06	0.0010939432	0.001114485418
3.756504775	2.5	1.310935707e-06	1.345437982e-06	0.001144960256	0.001159929382
3.800698949	2.5	1.73422563e-06	1.759998803e-06	0.001316898866	0.001326648298
3.844893123	2.5	1.665276107e-06	1.686403676e-06	0.0012904547	0.001298614967
3.889087297	2.5	2.069940516e-06	2.085889276e-06	0.001438727296	0.0014442593
3.93328147	2.5	1.595405108e-06	1.610898608e-06	0.00126309246	0.001269210784
3.977475644	2.5	1.644049334e-06	1.656045294e-06	0.001282203818	0.001286873168
4.021669818	2.5	1.42579164e-06	1.437538836e-06	0.001194064323	0.001198973215
4.065863992	2.5	1.141286436e-06	1.149529138e-06	0.001068309475	0.00107216035
4.110058166	2.5	6.117034404e-07	6.196088651e-07	0.0007821144841	0.0007871521334
4.154252339	2.5	3.569528589e-07	3.643035215e-07	0.000597455213	0.0006035755038
4.198446513	2.5	1.465209733e-07	1.538786653e-07	0.0003827805531	0.0003922736821
4.242640687	2.5	2.182620836e-07	2.251184386e-07	0.0004671852266	0.0004744664245
4.286834861	2.5	1.188864433e-07	1.24687165e-07	0.0003447991141	0.0003531106759
4.331029035	2.5	1.788067908e-07	1.830045817e-07	0.0004228554822	0.0004277903087
4.375223209	2.5	1.731748258e-07	1.760824883e-07	0.0004161427589	0.0004196218027
4.419417382	2.5	2.693068119e-07	2.714624774e-07	0.0005189477231	0.0005210205406
4.463611556	2.5	2.520839389e-07	2.533357836e-07	0.0005020795508	0.000503324666
4.50780573	2.5	2.015252136e-07	2.017701687e-07	0.0004489155521	0.0004491882991
4.551999904	2.5	3.390116963e-07	3.394480589e-07	0.0005822470106	0.0005826216127
4.596194078	2.5	3.126023921e-07	3.123087436e-07	0.0005591084818	0.000558845816
4.640388252	2.5	4.920965654e-07	4.917334348e-07	0.0007014957757	0.0007012369022
4.684582425	2.5	5.873092731e-07	5.862831239e-07	0.0007663608342	0.0007656910475
4.728776599	2.5	6.778991087e-07	6.773196535e-07	0.0008233460082	0.0008229940429
4.772970773	2.5	3.13026184e-07	3.119391797e-07	0.0005594873422	0.0005585150691
4.817164947	2.5	7.144971832e-07	7.138779968e-07	0.0008452790502	0.0008449127098
4.861359121	2.5	7.811186269e-07	7.80228506e-07	0.0008838088123	0.0008833050986
4.905553294	2.5	8.182158305e-07	8.17265321e-07	0.0009045524645	0.0009040269095
4.949747468	2.5	7.519479271e-07	7.507453871e-07	0.0008671489847	0.0008664553211
4.993941642	2.5	7.429281385e-07	7.421467994e-07	0.0008619324722	0.0008614791051
5.038135816	2.5	7.603377096e-07	7.596728128e-07	0.0008719731254	0.0008715917827
5.08232999	2.5	5.794841993e-07	5.790881489e-07	0.000761238375	0.0007609781952
5.126524164	2.5	5.145992977e-07	5.142202726e-07	0.0007173555833	0.0007170913527
5.170718337	2.5	5.30800375e-07	5.308249402e-07	0.000728560288	0.0007285771465
5.214912511	2.5	2.813903085e-07	2.813713302e-07	0.0005304622789	0.0005304443902
5.259106685	2.5	4.350780012e-07	4.351714738e-07	0.0006596042844	0.0006596751355
5.303300859	2.5	1.074224426e-07	1.073655909e-07	0.0003277536134	0.0003276668725
5.347495033	2.5	3.793712228e-07	3.795214992e-07	0.0006159310667	0.0006160530457
5.391689207	2.5	1.546614879e-07	1.548519699e-07	0.0003932702175	0.0003935123199
5.43588338	2.5	2.419457864e-07	2.422521383e-07	0.0004918797901	0.0004921911007
5.480077554	2.5	4.584552595e-08	4.61004258e-08	0.0002141156787	0.0002147100922
5.524271728	2.5	2.551393221e-07	2.552431744e-07	0.000505113113	0.0005052159036
5.568465902	2.5	1.192370629e-07	1.19277914e-07	0.0003453071801	0.0003453663269
5.612660076	2.5	1.270815664e-07	1.271199697e-07	0.0003564849931	0.0003565388528

0	5	0.4956653481	0.5250381881	0.4999812104	0.4993726956
0.04419417382	5	0.5824227974	0.6829314196	0.4931596927	0.4653343913
0.08838834765	5	0.4010232934	0.5263937332	0.4901057147	0.4993028849
0.1325825215	5	0.2986577562	0.3579091448	0.4576694231	0.4793852197
0.1767766953	5	0.455024462	0.4334417934	0.4979730926	0.4955502044
0.2209708691	5	0.1697438629	0.05100877038	0.3754076237	0.2200156261
0.2651650429	5	0.2593466348	0.0739551242	0.4382761205	0.2616978483
0.3093592168	5	0.460513931	0.3586689814	0.4984384118	0.4796097822
0.3535533906	5	0.6015424999	0.6948933296	0.4895805559	0.4604525927
0.3977475644	5	0.6722845391	0.8805910805	0.4693804827	0.3242690695
0.4419417382	5	0.4471398324	0.6998268418	0.4971979512	0.458333103
0.4861359121	5	0.3527112825	0.4747151497	0.4778138065	0.4993602671
0.5303300859	5	0.3135645798	0.337756743	0.4639416279	0.4729451612
0.5745242597	5	0.2633154924	0.237009516	0.4404321104	0.4252481691
0.6187184335	5	0.1656773313	0.1255237473	0.3717907384	0.3313118413
0.6629126074	5	0.02366269547	-0.08204684648	0.1519959615	-nan
0.7071067812	5	0.2038103254	0.1214361987	0.4028295876	0.3266335077
0.751300955	5	0.2760044277	0.2354567434	0.4470189969	0.4242839443
0.7954951288	5	0.3439992289	0.3344694409	0.4750407976	0.4718046566
0.8396893027	5	0.3931199802	0.3947435517	0.4884430994	0.4887955402
0.8838834765	5	0.2273528942	0.2136931702	0.4191223636	0.4099126726
0.9280776503	5	0.1327119961	0.1260028765	0.3392632049	0.3318526052
0.9722718241	5	0.1494893443	0.1519390944	0.3565701617	0.3589618448
1.016465998	5	0.1426613619	0.1396061704	0.3497271761	0.3465779675
1.060660172	5	0.1276291755	0.1240538884	0.3336764436	0.3296430208
1.104854346	5	0.08020369737	0.07185615937	0.271608292	0.2582495919
1.149048519	5	0.07634585521	0.0690000816	0.2655506837	0.2534542766
1.193242693	5	0.04412501019	0.04112235958	0.2053728163	0.1985731883
1.237436867	5	0.03136648345	0.02892017804	0.1743061306	0.1675822226
1.281631041	5	0.03527819707	0.03441762098	0.1844821018	0.1822993372
1.325825215	5	0.03322774111	0.03294453562	0.1792307405	0.1784914373
1.370019389	5	0.0234524326	0.02443581391	0.151335442	0.1543978786
1.414213562	5	0.01600406761	0.01631224319	0.1254907862	0.1266734144
1.458407736	5	0.01404333272	0.0141318285	0.1176695267	0.1180344014
1.50260191	5	0.01259860496	0.01273213166	0.1115342105	0.1121161206
1.546796084	5	0.008935430743	0.00918403534	0.09410413817	0.09539228918
1.590990258	5	0.007064450152	0.00731562251	0.08375287276	0.08521798036
1.635184431	5	0.004973308064	0.005102845936	0.07034610345	0.07125171506
1.679378605	5	0.004144990098	0.004242506436	0.06424802842	0.06499621201
1.723572779	5	0.003460575257	0.003343773724	0.05872477906	0.05772861423
1.767766953	5	0.002803451817	0.002620701372	0.05287336262	0.05112566181
1.811961127	5	0.001817490288	0.001688335157	0.04259327432	0.04105465481
1.856155301	5	0.001474015797	0.001354663223	0.03836460706	0.03678081171
1.900349474	5	0.001039502407	0.0009840301047	0.0322245534	0.03135381619
1.944543648	5	0.0004382253161	0.00040710461	0.02092924448	0.02017272604
1.988737822	5	9.858819074e-05	0.0001047554961	0.009928669151	0.01023447714
2.032931996	5	-0.0001150910528	-9.03080101e-05	-nan	-nan
2.07712617	5	-0.0002626445199	-0.0002339401556	-nan	-nan
2.121320344	5	-0.0002497094728	-0.0002276806802	-nan	-nan
2.165514517	5	-0.0001399062276	-0.0001234211725	-nan	-nan
2.209708691	5	1.426609357e-05	2.251242211e-05	0.00377702132	0.004744672307
2.253902865	5	6.645626746e-05	7.253781198e-05	0.008151800477	0.008516604385
2.298097039	5	0.0001198802579	0.0001197732893	0.01094832803	0.01094344295
2.342291213	5	0.0001326680419	0.000129037125	0.01151739732	0.01135871799
2.386485387	5	0.000130375802	0.0001233513413	0.01141747801	0.01110567989
2.43067956	5	8.693138764e-05	8.156931086e-05	0.009323295049	0.009031204643
2.474873734	5	6.472188358e-05	6.046345247e-05	0.008044730863	0.007775589794
2.519067908	5	6.943505554e-05	6.784788332e-05	0.008332480682	0.008236703223
2.563262082	5	6.004638932e-05	5.839059561e-05	0.007748727879	0.007641150839
2.607456256	5	4.912940808e-05	4.767361915e-05	0.007009065158	0.006904443959
2.651650429	5	4.041626552e-05	3.960133887e-05	0.006357250352	0.006292834862
2.695844603	5	2.566106145e-05	2.617495354e-05	0.005065609831	0.005116079398
2.740038777	5	9.713685515e-06	1.080275579e-05	0.003116663466	0.003286736845
2.784232951	5	-1.655330925e-06	-5.965259183e-07	-nan	-nan
2.828427125	5	-3.230971684e-06	-2.654713491e-06	-nan	-nan
2.872621299	5	-2.969637246e-06	-2.600348516e-06	-nan	-nan
2.916815472	5	-1.191881231e-06	-1.101252429e-06	-nan	-nan
2.961009646	5	-2.556418801e-06	-2.458879888e-06	-nan	-nan
3.00520382	5	8.716727636e-07	7.572017735e-07	0.0009336337632	0.0008701730863
3.049397994	5	1.294221987e-06	1.234871495e-06	0.001137638041	0.001111247034
3.093592168	5	1.577156007e-06	1.474493016e-06	0.00125584773	0.001214286145
3.137786342	5	7.443468867e-07	6.751342316e-07	0.0008627550827	0.0008216652456
3.181980515	5	4.598286048e-07	2.96469669e-07	0.0006781064764	0.000544490203
3.226174689	5	-7.525231466e-07	-9.078927001e-07	-nan	-nan
3.270368863	5	-8.894427864e-08	-2.210742239e-07	-nan	-nan
3.314563037	5	3.881844173e-07	2.484993971e-07	0.0006230443536	0.0004984970766
3.358757211	5	7.204013566e-07	6.36902869e-07	0.0008487643004	0.0007980616914
3.402951384	5	1.424705936e-06	1.371190503e-06	0.001193609612	0.001170977636
3.447145558	5	1.416828812e-06	1.414745067e-06	0.001190305341	0.001189429723
3.491339732	5	9.104356761e-07	9.264514885e-07	0.0009541670961	0.0009625230544
3.535533906	5	5.110235313e-07	5.392892898e-07	0.0007148589162	0.0007343629886
3.57972808	5	3.569910149e-07	3.905296803e-07	0.0005974871442	0.0006249236175
3.623922254	5	1.522257135e-09	3.388266242e-08	3.901611376e-05	0.0001840724349
3.668116427	5	2.200506399e-07	2.471339097e-07	0.0004690955036	0.0004971255864
3.712310601	5	3.283731888e-07	3.456396514e-07	0.0005730384638	0.0005879111599
3.756504775	5	1.835963892e-07	1.93850472e-07	0.0004284814529	0.0004402844927
3.800698949	5	4.732142635e-07	4.789653403e-07	0.0006879055456	0.0006920730532
3.844893123	5	4.65854481e-09	7.870938003e-09	6.825353315e-05	8.871830669e-05
3.889087297	5	8.940560863e-08	9.054245722e-08	0.0002990076933	0.0003009027235
3.93328147	5	-3.477098323e-07	-3.463562562e-07	-nan	-nan
3.977475644	5	-3.080503857e-07	-3.081576996e-07	-nan	-nan
4.021669818	5	-6.025942033e-07	-6.017777156e-07	-nan	-nan
4.065863992	5	-3.486287933e-07	-3.478990245e-07	-nan	-nan
4.110058166	5	-4.941802298e-07	-4.936916591e-07	-nan	-nan
4.154252339	5	-3.872759881e-07	-3.876163522e-07	-nan	-nan
4.198446513	5	-3.875121734e-07	-3.87415857e-07	-nan	-nan
4.242640687	5	-2.831387576e-07	-2.828870201e-07	-nan	-nan
4.286834861	5	-2.153715277e-07	-2.152839376e-07	-nan	-nan
4.331029035	5	-6.317343092e-08	-6.396669623e-08	-nan	-nan
4.375223209	5	6.766665859e-09	6.093865635e-09	8.225974601e-05	7.80632154e-05
4.419417382	5	1.536255027e-07	1.527190988e-07	0.0003919508631	0.0003907928806
4.463611556	5	2.10661331e-07	2.09967542e-07	0.0004589785252	0.0004582221055
4.50780573	5	2.691175856e-07	2.682735024e-07	0.000518765374	0.0005179511854
4.551999904	5	2.742873186e-07	2.738629194e-07	0.0005237243964	0.0005233190656
4.596194078	5	3.149042694e-07	3.145776462e-07	0.0005611632296	0.0005608721309
4.640388252	5	3.334988453e-07	3.331821334e-07	0.0005774934926	0.0005772192152
4.684582425	5	3.712824331e-07	3.718147079e-07	0.0006093293816	0.0006097659958
4.728776599	5	2.557943465e-07	2.560173078e-07	0.0005057610909	0.0005059814643
4.772970773	5	4.857367717e-07	4.865182589e-07	0.0006969480151	0.0006975084388
4.817164947	5	2.3188412e-07	2.320316304e-07	0.0004815434209	0.0004816965607
4.861359121	5	1.590979558e-07	1.595325993e-07	0.0003988708193	0.0003994152899
4.905553294	5	4.01236436e-08	4.033084378e-08	0.0002003088665	0.0002008254022
4.949747468	5	1.960006675e-08	1.999881465e-08	0.000140000237	0.0001414171639
4.993941642	5	1.985984114e-08	1.997151451e-08	0.0001409249472	0.0001413206075
5.038135816	5	5.548282639e-08	5.543924613e-08	0.0002355479215	0.000235455395
5.08232999	5	8.26878058e-08	8.251594827e-08	0.0002875548625	0.0002872558815
5.126524164	5	2.483001197e-07	2.479071359e-07	0.0004982971584	0.0004979026757
5.170718337	5	2.422645624e-07	2.419991183e-07	0.0004922037217	0.0004919339994
5.214912511	5	4.845948847e-07	4.844271929e-07	0.0006961283286	0.0006960078723
5.259106685	5	2.869623074e-07	2.869312718e-07	0.0005356885523	0.0005356595836
5.303300859	5	4.442203969e-07	4.441889848e-07	0.0006664984618	0.0006664748964
5.347495033	5	2.980164017e-07	2.981176433e-07	0.0005459087038	0.0005460014235
5.391689207	5	2.719839627e-07	2.722083264e-07	0.0005215207462	0.000521735807
5.43588338	5	2.513931587e-07	2.516015417e-07	0.0005013911602	0.0005015989219
5.480077554	5	9.926346848e-08	9.949701337e-08	0.0003150610395	0.0003154314561
5.524271728	5	1.838022668e-07	1.841137488e-07	0.0004287216265	0.000429084741
5.568465902	5	6.803234759e-08	6.813795739e-08	0.0002608301036	0.0002610324745
5.612660076	5	8.431242432e-08	8.442156629e-08	0.0002903660056	0.0002905538834

0	7.5	0.3247600759	0.2254399236	0.4682851364	0.4178717081
0.04419417382	7.5	0.3900647073	0.2626065851	0.4877645246	0.4400504137
0.08838834765	7.5	0.3582985232	0.2406529049	0.4795004604	0.4274799226
0.1325825215	7.5	0.2768220838	0.1907949856	0.4474277794	0.3929278039
0.1767766953	7.5	0.2715223266	0.207016297	0.4447448176	0.4051673108
0.2209708691	7.5	0.06218104694	0.09762761179	0.2414840871	0.2968104803
0.2651650429	7.5	0.2549003602	0.1647083192	0.4358051934	0.3709170915
0.3093592168	7.5	0.3133237487	0.1901175823	0.463844777	0.392393791
0.3535533906	7.5	0.4263002034	0.3421038493	0.4945385121	0.4744141709
0.3977475644	7.5	0.1350004868	0.1445429368	0.3417240924	0.3516394122
0.4419417382	7.5	0.07887941885	0.1229278692	0.2695504705	0.3283543942
0.4861359121	7.5	0.1760068266	0.1479420671	0.3808259754	0.3550425494
0.5303300859	7.5	0.1629029789	0.07229185433	0.3692771295	0.258970543
0.5745242597	7.5	0.02819348949	-0.06219695197	0.1655252749	-nan
0.6187184335	7.5	0.05683065706	-0.01558824164	0.231518754	-nan
0.6629126074	7.5	0.08010964598	0.07985438312	0.2714628715	0.2710676311
0.7071067812	7.5	0.2481355309	0.2251507458	0.4319308848	0.4176815623
0.751300955	7.5	0.2462271243	0.2080058171	0.4308124041	0.4058810135
0.7954951288	7.5	0.2504357893	0.2831538183	0.4332640127	0.4505305023
0.8396893027	7.5	0.257571459	0.2922141238	0.4372966985	0.4547801993
0.8838834765	7.5	0.1225685491	0.1496634592	0.3279413056	0.3567412342
0.9280776503	7.5	0.06741017621	0.08350789921	0.2507310199	0.2766483869
0.9722718241	7.5	0.06124418687	0.0671451297	0.2397776813	0.2502731733
1.016465998	7.5	0.04492625964	0.03809324	0.2071421996	0.1914213809
1.060660172	7.5	0.02928389235	0.01971561311	0.1686011447	0.1390212491
1.104854346	7.5	-0.01263382013	-0.01914301936	-nan	-nan
1.149048519	7.5	0.01164261551	0.005508788003	0.1072709887	0.07401649315
1.193242693	7.5	0.01827065728	0.01395911599	0.1339284897	0.1173211791
1.237436867	7.5	0.01267925685	0.01048974267	0.1118860728	0.1018808518
1.281631041	7.5	0.005384687348	0.005762536193	0.07318259691	0.07569233363
1.325825215	7.5	0.004945095563	0.00473919548	0.070147285	0.06867849377
1.370019389	7.5	0.002896403343	0.001774403254	0.0537402474	0.04208627742
1.414213562	7.5	-0.0003958623149	-0.001278988838	-nan	-nan
1.458407736	7.5	-0.002613673013	-0.003332730244	-nan	-nan
1.50260191	7.5	0.0007242811363	0.0005669230995	0.0269027239	0.02380339677
1.546796084	7.5	0.0001395975814	-2.229933041e-05	0.01181431733	-nan
1.590990258	7.5	0.001500016622	0.00141058735	0.03870098929	0.03753128819
1.635184431	7.5	0.001168177267	0.001022374658	0.03415863915	0.03195824475
1.679378605	7.5	0.0004702538155	0.0003859902693	0.02168023701	0.01964284299
1.723572779	7.5	0.000384187159	0.0002846968204	0.01959692729	0.01687055921
1.767766953	7.5	-5.162318241e-05	-0.0001487240903	-nan	-nan
1.811961127	7.5	7.145313016e-05	-2.212627145e-05	0.008452693334	-nan
1.856155301	7.5	0.0002121137137	0.0001484598401	0.01456257949	0.01218350523
1.900349474	7.5	0.0002934153368	0.0002454314078	0.0171268574	0.01566432798
1.944543648	7.5	0.0003267601417	0.0003239462905	0.01807355442	0.0179955925
1.988737822	7.5	9.924269497e-05	0.0001057371605	0.009961568444	0.01028231395
2.032931996	7.5	2.423324156e-05	4.599543396e-05	0.004922667398	0.00678183739
2.07712617	7.5	5.342700215e-05	7.103055101e-05	0.007309182424	0.00842766312
2.121320344	7.5	4.607323984e-05	5.261169971e-05	0.00678757078	0.007253201481
2.165514517	7.5	4.797900717e-05	4.843827751e-05	0.006926521868	0.00695959275
2.209708691	7.5	2.549289449e-05	1.694520617e-05	0.005048984512	0.004116420658
2.253902865	7.5	-4.408066684e-06	-1.221288438e-05	-nan	-nan
2.298097039	7.5	-6.885381652e-06	-1.44091299e-05	-nan	-nan
2.342291213	7.5	-1.76635302e-05	-1.848001957e-05	-nan	-nan
2.386485387	7.5	-1.143075297e-05	-9.82440804e-06	-nan	-nan
2.43067956	7.5	-2.55044691e-05	-2.237743282e-05	-nan	-nan
2.474873734	7.5	5.170043686e-07	4.132959948e-06	0.0007190299725	0.002032964059
2.519067908	7.5	7.137961861e-06	8.544457638e-06	0.002671686904	0.002923077938
2.563262082	7.5	1.103443429e-05	1.10149464e-05	0.003321793571	0.003318859001
2.607456256	7.5	8.329920846e-06	7.519459678e-06	0.002886148205	0.002742153011
2.651650429	7.5	2.85254317e-06	1.92534273e-06	0.001688944947	0.001387565863
2.695844603	7.5	-2.601560157e-06	-4.148244714e-06	-nan	-nan
2.740038777	7.5	-1.727428797e-06	-2.810279789e-06	-nan	-nan
2.784232951	7.5	-3.50177068e-06	-4.44096642e-06	-nan	-nan
2.828427125	7.5	-1.561042648e-06	-2.044424041e-06	-nan	-nan
2.872621299	7.5	6.307187825e-07	4.746958864e-07	0.0007941778042	0.0006889816116
2.916815472	7.5	-1.328594063e-06	-1.351390246e-06	-nan	-nan
2.961009646	7.5	7.592939616e-08	1.835424658e-07	0.0002755528813	0.0004284185244
3.00520382	7.5	2.295692061e-07	1.777414771e-07	0.0004791337532	0.0004215939344
3.049397994	7.5	6.265032073e-07	6.142937022e-07	0.0007915193079	0.000783768668
3.093592168	7.5	1.94956759e-06	1.916004104e-06	0.001396267807	0.001384196674
3.137786342	7.5	2.126524129e-06	2.146023086e-06	0.001458259101	0.001464929514
3.181980515	7.5	2.137897973e-06	2.183861762e-06	0.001462153686	0.001477787871
3.226174689	7.5	5.528846295e-07	5.261993212e-07	0.0007435619166	0.0007253957846
3.270368863	7.5	1.068724325e-06	1.048004579e-06	0.001033790686	0.001023720411
3.314563037	7.5	-2.337973398e-07	-2.59481974e-07	-nan	-nan
3.358757211	7.5	5.714681963e-07	5.40453546e-07	0.000755954939	0.0007351552584
3.402951384	7.5	3.094101728e-07	2.693068188e-07	0.0005562464176	0.0005189477298
3.447145558	7.5	5.543953673e-07	5.157582444e-07	0.0007445771014	0.0007181629191
3.491339732	7.5	4.939721885e-07	4.691535585e-07	0.000702831377	0.0006849476903
3.535533906	7.5	3.527725636e-07	3.317831944e-07	0.0005939464952	0.0005760061495
3.57972808	7.5	2.945769082e-07	2.847149227e-07	0.0005427493173	0.0005335867705
3.623922254	7.5	-1.192750234e-07	-1.171903048e-07	-nan	-nan
3.668116427	7.5	1.886366743e-07	1.94694325e-07	0.0004343231962	0.0004412417558
3.712310601	7.5	-2.583387091e-07	-2.485233587e-07	-nan	-nan
3.756504775	7.5	-3.366603783e-07	-3.308697377e-07	-nan	-nan
3.800698949	7.5	-4.452660764e-07	-4.410169186e-07	-nan	-nan
3.844893123	7.5	-3.645497375e-07	-3.628904301e-07	-nan	-nan
3.889087297	7.5	-1.909942103e-07	-1.898469842e-07	-nan	-nan
3.93328147	7.5	-2.21202119e-07	-2.212534088e-07	-nan	-nan
3.977475644	7.5	-6.939694793e-08	-6.86899106e-08	-nan	-nan
4.021669818	7.5	-1.206430132e-07	-1.197315355e-07	-nan	-nan
4.065863992	7.5	1.938628197e-08	2.053479615e-08	0.0001392346279	0.0001432996711
4.110058166	7.5	-2.635223034e-08	-2.557370655e-08	-nan	-nan
4.154252339	7.5	4.219059348e-08	4.170723566e-08	0.0002054034851	0.0002042234901
4.198446513	7.5	1.073238774e-07	1.070039269e-07	0.0003276032141	0.0003271145296
4.242640687	7.5	1.470084086e-07	1.468845433e-07	0.0003834167276	0.0003832551653
4.286834861	7.5	2.611005677e-07	2.60443211e-07	0.0005109799404	0.000510336304
4.331029035	7.5	2.147371111e-07	2.141029684e-07	0.000463397308	0.0004627125701
4.375223209	7.5	2.429513144e-07	2.424334585e-07	0.0004929008576	0.0004923752631
4.419417382	7.5	9.488757629e-08	9.451895181e-08	0.0003080382562	0.000307439332
4.463611556	7.5	1.134407416e-07	1.133322424e-07	0.0003368096327	0.0003366485253
4.50780573	7.5	1.459638835e-07	1.462086225e-07	0.000382052172	0.0003823723332
4.551999904	7.5	1.114906154e-08	1.136077821e-08	0.000105589116	0.0001065869508
4.596194078	7.5	5.514061687e-09	5.853828686e-09	7.425672803e-05	7.651031729e-05
4.640388252	7.5	-5.434595169e-08	-5.412068606e-08	-nan	-nan
4.684582425	7.5	-2.039106993e-07	-2.038704139e-07	-nan	-nan
4.728776599	7.5	-1.276963918e-07	-1.277204186e-07	-nan	-nan
4.772970773	7.5	-2.49225494e-07	-2.495488983e-07	-nan	-nan
4.817164947	7.5	-6.120722436e-08	-6.116207257e-08	-nan	-nan
4.861359121	7.5	-1.589034521e-08	-1.609926882e-08	-nan	-nan
4.905553294	7.5	1.222991268e-07	1.22230922e-07	0.0003497128991	0.0003496153702
4.949747468	7.5	1.109523884e-07	1.107808713e-07	0.0003330951457	0.0003328375866
4.993941642	7.5	3.989273968e-08	3.987891813e-08	0.0001997316652	0.0001996970619
5.038135816	7.5	-5.34847569e-08	-5.340855128e-08	-nan	-nan
5.08232999	7.5	-8.500088817e-08	-8.495225424e-08	-nan	-nan
5.126524164	7.5	-1.547857356e-07	-1.547429897e-07	-nan	-nan
5.170718337	7.5	-1.430428565e-07	-1.430399385e-07	-nan	-nan
5.214912511	7.5	-1.068353852e-07	-1.068502714e-07	-nan	-nan
5.259106685	7.5	-4.657816208e-08	-4.671494805e-08	-nan	-nan
5.303300859	7.5	1.433074041e-07	1.433455916e-07	0.0003785596169	0.0003786100515
5.347495033	7.5	6.90024513e-08	6.895146167e-08	0.0002626831676	0.0002625860943
5.391689207	7.5	1.87267385e-07	1.873797343e-07	0.0004327439774	0.0004328737682
5.43588338	7.5	1.599312977e-07	1.598484858e-07	0.000399914081	0.0003998105304
5.480077554	7.5	1.505378923e-07	1.504290639e-07	0.0003879921	0.000387851829
5.524271728	7.5	1.226689789e-07	1.22635521e-07	0.0003502412938	0.0003501935264
5.568465902	7.5	6.924026445e-08	6.926323358e-08	0.0002631354398	0.0002631790812
5.612660076	7.5	6.001458523e-08	6.006200185e-08	0.0002449787371	0.000245075495

